55.898575 37.399521, 20:0:20, 5
55.898537 37.399441, 20:0:22, 5
55.898537 37.399418, 20:0:23, 3
55.898567 37.399494, 20:0:25, 8
55.898582 37.399529, 20:0:26, 10
55.898602 37.399586, 20:0:28, 4
55.898617 37.399673, 20:0:29, 3
55.898647 37.399860, 20:0:31, 1
55.898674 37.399910, 20:0:32, 2
55.898689 37.399990, 20:0:34, 2
55.898716 37.400066, 20:0:35, 3
55.898746 37.400242, 20:0:37, 0
55.898754 37.400307, 20:0:38, 5
55.898781 37.400394, 20:0:40, 5
55.898781 37.400433, 20:0:41, 4
55.898781 37.400486, 20:0:43, 5
55.898796 37.400566, 20:0:45, 5
55.898827 37.400635, 20:0:46, 6
55.898861 37.400719, 20:0:48, 6
55.898861 37.400734, 20:0:49, 6
55.898911 37.400875, 20:0:51, 9
55.898918 37.400890, 20:0:52, 8
55.898941 37.400974, 20:0:54, 9
55.898949 37.400993, 20:0:55, 9
55.898983 37.401035, 20:0:57, 9
55.899006 37.401051, 20:0:58, 10
55.899033 37.401096, 20:1:0, 9
55.899025 37.401104, 20:1:1, 8
55.899040 37.401169, 20:1:3, 10
55.899048 37.401199, 20:1:4, 10
55.899055 37.401295, 20:1:6, 10
55.900066 37.402554, 20:2:51, 9
55.900097 37.402584, 20:2:53, 3
55.900097 37.402592, 20:2:54, 3
55.900040 37.402580, 20:2:56, 4
55.900040 37.402554, 20:2:57, 5
55.900040 37.402576, 20:2:59, 5
55.900040 37.402607, 20:3:0, 7
55.900017 37.402637, 20:3:2, 8
55.899990 37.402653, 20:3:3, 8
55.899944 37.402634, 20:3:5, 8
55.899902 37.402611, 20:3:6, 7
55.899860 37.402512, 20:3:8, 5
55.899845 37.402481, 20:3:9, 5
55.899860 37.402477, 20:3:14, 4
55.899830 37.402504, 20:3:16, 5
55.899822 37.402504, 20:3:17, 4
55.899796 37.402534, 20:3:19, 3
55.899788 37.402550, 20:3:20, 2
55.899780 37.402603, 20:3:22, 2
55.899788 37.402657, 20:3:23, 2
55.899803 37.402752, 20:3:25, 2
55.899815 37.402798, 20:3:26, 3
55.899815 37.402851, 20:3:28, 2
55.899822 37.402874, 20:3:29, 3
55.899837 37.402927, 20:3:31, 3
55.899845 37.402943, 20:3:32, 3
55.899860 37.402950, 20:3:34, 2
55.899860 37.402981, 20:3:35, 4
55.899910 37.403065, 20:3:37, 4
55.899925 37.403114, 20:3:38, 4
55.899975 37.403210, 20:3:40, 5
55.900009 37.403252, 20:3:41, 5
55.900059 37.403347, 20:3:43, 6
55.900066 37.403366, 20:3:44, 5
55.900089 37.403439, 20:3:46, 5
55.900089 37.403461, 20:3:47, 4
55.900112 37.403515, 20:3:49, 3
55.900139 37.403542, 20:3:50, 3
55.900204 37.403572, 20:3:52, 5
55.900227 37.403603, 20:3:53, 5
55.900246 37.403625, 20:3:55, 4
55.900246 37.403625, 20:3:56, 2
55.900284 37.403641, 20:3:58, 4
55.900303 37.403648, 20:3:59, 4
55.900326 37.403641, 20:4:1, 4
55.900311 37.403603, 20:4:2, 1
55.900349 37.403580, 20:4:4, 4
55.900368 37.403561, 20:4:6, 4
55.900383 37.403561, 20:4:7, 3
55.900414 37.403553, 20:4:9, 4
55.900414 37.403542, 20:4:10, 2
55.900455 37.403549, 20:4:12, 4
55.900471 37.403553, 20:4:13, 4
55.900536 37.403580, 20:4:15, 7
55.900547 37.403564, 20:4:16, 6
55.900578 37.403568, 20:4:18, 6
55.900593 37.403545, 20:4:19, 6
55.900635 37.403545, 20:4:21, 6
55.900642 37.403549, 20:4:22, 5
55.900684 37.403549, 20:4:24, 5
55.900658 37.403542, 20:4:25, 0
55.900700 37.403545, 20:4:27, 3
55.900723 37.403553, 20:4:28, 4
55.900749 37.403515, 20:4:30, 4
55.900764 37.403511, 20:4:31, 5
55.900799 37.403500, 20:4:33, 5
55.900799 37.403477, 20:4:34, 4
55.900791 37.403389, 20:4:36, 4
55.900814 37.403378, 20:4:37, 5
55.900845 37.403408, 20:4:39, 4
55.900856 37.403416, 20:4:40, 3
55.901455 37.403408, 20:5:16, 6
55.901497 37.403450, 20:5:18, 5
55.901505 37.403477, 20:5:19, 5
55.901531 37.403511, 20:5:21, 5
55.901554 37.403568, 20:5:22, 8
55.901562 37.403580, 20:5:24, 5
55.901569 37.403591, 20:5:25, 6
55.901588 37.403625, 20:5:27, 3
55.901588 37.403637, 20:5:28, 3
55.901596 37.403709, 20:5:30, 5
55.901611 37.403755, 20:5:31, 5
55.901619 37.403828, 20:5:33, 7
55.901634 37.403851, 20:5:34, 7
55.901646 37.403908, 20:5:36, 7
55.901653 37.403927, 20:5:37, 8
55.901646 37.404003, 20:5:39, 10
55.901653 37.404034, 20:5:40, 10
55.901646 37.404095, 20:5:42, 11
55.901627 37.404137, 20:5:43, 11
55.901669 37.404091, 20:5:45, 7
55.901669 37.404110, 20:5:46, 7
55.901676 37.404167, 20:5:48, 6
55.901676 37.404198, 20:5:49, 7
55.901669 37.404282, 20:5:51, 8
55.901653 37.404285, 20:5:52, 8
55.901646 37.404308, 20:5:54, 8
55.901646 37.404346, 20:5:55, 8
55.901611 37.404427, 20:5:57, 6
55.901596 37.404484, 20:5:58, 6
55.901577 37.404575, 20:6:0, 8
55.901577 37.404610, 20:6:1, 9
55.901627 37.404644, 20:6:3, 5
55.901634 37.404675, 20:6:4, 5
55.901634 37.404716, 20:6:6, 6
55.901588 37.404812, 20:6:7, 7
55.901531 37.404953, 20:6:9, 10
55.901512 37.404991, 20:6:10, 10
55.901497 37.405056, 20:6:12, 9
55.901489 37.405087, 20:6:13, 9
55.901489 37.405136, 20:6:15, 8
55.901497 37.405178, 20:6:16, 9
55.901489 37.405254, 20:6:18, 9
55.901489 37.405300, 20:6:19, 9
55.901482 37.405369, 20:6:21, 10
55.901474 37.405399, 20:6:22, 10
55.901482 37.405479, 20:6:24, 10
55.901482 37.405514, 20:6:25, 9
55.901466 37.405575, 20:6:27, 9
55.901440 37.405651, 20:6:28, 12
55.901440 37.405697, 20:6:30, 9
55.901432 37.405735, 20:6:31, 9
55.901653 37.405521, 20:6:33, 7
55.901684 37.405483, 20:6:34, 7
55.901699 37.405380, 20:6:36, 2
55.901699 37.405388, 20:6:38, 3
55.901711 37.405437, 20:6:39, 5
55.901691 37.405399, 20:6:41, 4
55.901691 37.405422, 20:6:42, 2
55.901669 37.405392, 20:6:44, 3
55.901646 37.405376, 20:6:45, 4
55.901627 37.405388, 20:6:47, 5
55.901619 37.405388, 20:6:48, 4
55.901604 37.405407, 20:6:50, 4
55.901588 37.405384, 20:6:51, 3
55.901569 37.405380, 20:6:53, 4
55.901562 37.405396, 20:6:54, 4
55.901539 37.405445, 20:6:56, 5
55.901531 37.405460, 20:6:57, 5
55.901505 37.405476, 20:6:59, 4
55.901482 37.405460, 20:7:1, 4
55.901466 37.405479, 20:7:2, 4
55.901447 37.405544, 20:7:4, 5
55.901455 37.405571, 20:7:5, 2
55.901432 37.405628, 20:7:7, 4
55.901417 37.405636, 20:7:8, 4
55.901375 37.405643, 20:7:10, 6
55.901352 37.405655, 20:7:11, 6
55.901295 37.405613, 20:7:13, 6
55.901279 37.405628, 20:7:14, 5
55.901245 37.405663, 20:7:16, 6
55.901230 37.405678, 20:7:17, 6
55.901203 37.405678, 20:7:19, 5
55.901188 37.405701, 20:7:20, 5
55.901157 37.405735, 20:7:22, 6
55.901146 37.405754, 20:7:23, 6
55.901108 37.405804, 20:7:25, 7
55.901089 37.405827, 20:7:26, 7
55.901058 37.405823, 20:7:28, 6
55.901043 37.405834, 20:7:29, 6
55.901016 37.405849, 20:7:31, 6
55.901001 37.405880, 20:7:32, 6
55.900967 37.405918, 20:7:34, 6
55.900959 37.405930, 20:7:35, 6
55.900921 37.405972, 20:7:37, 8
55.900913 37.406029, 20:7:38, 8
55.900928 37.406113, 20:7:40, 5
55.900913 37.406071, 20:7:41, 3
55.900871 37.406040, 20:7:43, 4
55.900864 37.406044, 20:7:44, 5
55.900829 37.406048, 20:7:46, 5
55.900814 37.406006, 20:7:47, 5
55.900791 37.405983, 20:7:49, 5
55.900772 37.405987, 20:7:50, 5
55.900749 37.406002, 20:7:52, 5
55.900742 37.406021, 20:7:53, 5
55.900723 37.406082, 20:7:55, 5
55.900707 37.406067, 20:7:56, 5
55.900692 37.406120, 20:7:58, 5
55.900684 37.406162, 20:7:59, 5
55.900684 37.406345, 20:8:1, 5
55.900677 37.406414, 20:8:2, 5
55.900650 37.406487, 20:8:4, 5
55.900642 37.406528, 20:8:5, 4
55.900627 37.406574, 20:8:7, 5
55.900612 37.406582, 20:8:8, 5
55.900585 37.406609, 20:8:10, 5
55.900562 37.406651, 20:8:12, 5
55.900555 37.406658, 20:8:13, 5
55.900528 37.406666, 20:8:15, 5
55.900513 37.406666, 20:8:16, 5
55.900478 37.406643, 20:8:18, 6
55.900478 37.406715, 20:8:19, 6
55.900478 37.406918, 20:8:21, 4
55.900490 37.407028, 20:8:22, 4
55.900497 37.407230, 20:8:24, 4
55.900490 37.407284, 20:8:25, 3
55.900490 37.407459, 20:8:27, 4
55.900471 37.407494, 20:8:28, 4
55.900463 37.407589, 20:8:30, 4
55.900448 37.407619, 20:8:31, 5
55.900406 37.407574, 20:8:33, 5
55.900391 37.407555, 20:8:34, 6
55.900349 37.407539, 20:8:36, 5
55.900326 37.407524, 20:8:37, 5
55.900284 37.407482, 20:8:39, 5
55.900269 37.407497, 20:8:40, 5
55.900246 37.407509, 20:8:42, 5
55.900234 37.407520, 20:8:43, 4
55.900211 37.407528, 20:8:45, 5
55.900188 37.407520, 20:8:46, 5
55.900146 37.407467, 20:8:48, 6
55.900124 37.407448, 20:8:49, 6
55.900089 37.407425, 20:8:51, 6
55.900082 37.407444, 20:8:52, 6
55.900040 37.407406, 20:8:54, 7
55.900017 37.407398, 20:8:55, 8
55.899982 37.407341, 20:8:57, 7
55.899990 37.407406, 20:8:59, 3
55.900002 37.407421, 20:9:0, 3
55.899982 37.407433, 20:9:2, 3
55.899967 37.407433, 20:9:3, 3
55.899952 37.407459, 20:9:5, 4
55.899944 37.407486, 20:9:6, 4
55.899918 37.407528, 20:9:8, 4
55.899902 37.407524, 20:9:9, 4
55.899879 37.407497, 20:9:11, 5
55.899860 37.407497, 20:9:12, 4
55.899845 37.407528, 20:9:14, 4
55.899837 37.407551, 20:9:15, 3
55.899815 37.407600, 20:9:17, 4
55.899803 37.407608, 20:9:18, 3
55.899796 37.407658, 20:9:20, 3
55.899780 37.407673, 20:9:21, 3
55.899773 37.407734, 20:9:23, 4
55.899765 37.407764, 20:9:24, 4
55.899738 37.407822, 20:9:26, 4
55.899731 37.407841, 20:9:27, 4
55.899693 37.407810, 20:9:29, 3
55.899666 37.407810, 20:9:30, 4
55.899624 37.407845, 20:9:32, 5
55.899586 37.407768, 20:9:33, 5
55.899544 37.407730, 20:9:35, 6
55.899529 37.407749, 20:9:36, 6
55.899502 37.407761, 20:9:38, 6
55.899494 37.407791, 20:9:39, 5
55.899471 37.407784, 20:9:41, 4
55.899464 37.407837, 20:9:42, 3
55.899456 37.407982, 20:9:44, 3
55.899448 37.408035, 20:9:45, 3
55.899429 37.408127, 20:9:47, 4
55.899414 37.408146, 20:9:48, 5
55.899380 37.408192, 20:9:50, 5
55.899372 37.408230, 20:9:51, 5
55.899357 37.408310, 20:9:53, 5
55.899349 37.408360, 20:9:54, 5
55.899315 37.408390, 20:9:56, 4
55.899326 37.408443, 20:9:57, 4
55.899307 37.408470, 20:9:59, 2
55.899292 37.408512, 20:10:0, 4
55.899292 37.408546, 20:10:2, 1
55.899292 37.408592, 20:10:3, 2
55.899250 37.408638, 20:10:5, 4
55.899242 37.408634, 20:10:6, 2
55.899212 37.408611, 20:10:8, 1
55.899170 37.408566, 20:10:10, 2
55.899155 37.408550, 20:10:11, 3
55.899128 37.408573, 20:10:13, 2
55.899113 37.408546, 20:10:14, 2
55.899082 37.408566, 20:10:16, 3
55.899063 37.408577, 20:10:17, 4
55.899033 37.408604, 20:10:19, 4
55.898983 37.408516, 20:10:20, 6
55.898960 37.408527, 20:10:22, 5
55.898949 37.408543, 20:10:23, 3
55.898926 37.408485, 20:10:25, 3
55.898918 37.408493, 20:10:26, 3
55.898876 37.408459, 20:10:28, 5
55.898869 37.408485, 20:10:29, 4
55.898853 37.408531, 20:10:31, 3
55.898838 37.408611, 20:10:33, 4
55.898838 37.408657, 20:10:34, 3
55.898846 37.408794, 20:10:36, 4
55.898853 37.408875, 20:10:37, 4
55.898846 37.408932, 20:10:39, 2
55.898853 37.408997, 20:10:40, 3
55.898846 37.409084, 20:10:42, 4
55.898853 37.409122, 20:10:43, 3
55.898827 37.409168, 20:10:45, 5
55.898838 37.409206, 20:10:46, 4
55.898876 37.409286, 20:10:48, 4
55.898884 37.409328, 20:10:49, 5
55.898911 37.409401, 20:10:51, 4
55.898918 37.409447, 20:10:52, 5
55.898949 37.409473, 20:10:54, 4
55.898968 37.409538, 20:10:56, 5
55.898991 37.409626, 20:10:57, 5
55.898991 37.409672, 20:10:59, 5
55.898998 37.409691, 20:11:0, 5
55.899014 37.409748, 20:11:2, 3
55.898998 37.409756, 20:11:3, 2
55.898998 37.409817, 20:11:5, 2
55.899006 37.409851, 20:11:6, 2
55.899025 37.409939, 20:11:8, 3
55.899025 37.409962, 20:11:9, 2
55.899033 37.410034, 20:11:11, 3
55.899040 37.410076, 20:11:12, 4
55.899033 37.410130, 20:11:14, 4
55.899033 37.410152, 20:11:15, 4
55.899048 37.410240, 20:11:17, 6
55.899055 37.410278, 20:11:18, 6
55.899055 37.410332, 20:11:20, 6
55.899055 37.410362, 20:11:21, 6
55.899071 37.410381, 20:11:23, 3
55.899055 37.410381, 20:11:24, 3
55.899048 37.410397, 20:11:26, 2
55.899025 37.410389, 20:11:27, 3
55.899006 37.410408, 20:11:29, 4
55.898991 37.410423, 20:11:30, 4
55.898968 37.410450, 20:11:32, 4
55.898949 37.410461, 20:11:33, 5
55.898918 37.410469, 20:11:35, 5
55.898911 37.410480, 20:11:36, 5
55.898884 37.410542, 20:11:38, 6
55.898876 37.410564, 20:11:39, 5
55.898846 37.410572, 20:11:41, 5
55.898846 37.410587, 20:11:43, 3
55.898811 37.410522, 20:11:44, 3
55.898788 37.410511, 20:11:46, 3
55.898796 37.410503, 20:11:47, 2
55.898769 37.410473, 20:11:49, 2
55.898746 37.410439, 20:11:50, 3
55.898705 37.410378, 20:11:52, 4
55.898689 37.410328, 20:11:53, 5
55.898640 37.410286, 20:11:55, 5
55.898624 37.410263, 20:11:56, 5
55.898617 37.410225, 20:11:58, 4
55.898609 37.410210, 20:11:59, 4
55.898594 37.410194, 20:12:1, 3
55.898582 37.410175, 20:12:2, 4
55.898567 37.410145, 20:12:4, 4
55.898544 37.410133, 20:12:6, 4
55.898537 37.410114, 20:12:7, 4
55.898510 37.410114, 20:12:9, 4
55.898495 37.410107, 20:12:10, 5
55.898460 37.410110, 20:12:12, 5
55.898445 37.410114, 20:12:13, 5
55.898415 37.410122, 20:12:15, 6
55.898396 37.410118, 20:12:16, 6
55.898365 37.410118, 20:12:18, 6
55.898350 37.410122, 20:12:19, 5
55.898308 37.410103, 20:12:21, 6
55.898293 37.410091, 20:12:22, 6
55.898266 37.410069, 20:12:24, 6
55.898251 37.410069, 20:12:25, 6
55.898228 37.410076, 20:12:27, 5
55.898193 37.410080, 20:12:29, 5
55.898178 37.410072, 20:12:30, 5
55.898151 37.410076, 20:12:32, 5
55.898144 37.410072, 20:12:33, 5
55.898129 37.410084, 20:12:35, 4
55.898113 37.410091, 20:12:36, 5
55.898079 37.410099, 20:12:38, 6
55.898064 37.410088, 20:12:39, 5
55.898048 37.410069, 20:12:41, 4
55.898037 37.410088, 20:12:42, 5
55.897999 37.410053, 20:12:44, 5
55.897984 37.410053, 20:12:45, 5
55.897942 37.410030, 20:12:47, 5
55.897926 37.410027, 20:12:48, 6
55.897900 37.410019, 20:12:50, 5
55.897861 37.410015, 20:12:52, 6
55.897850 37.410015, 20:12:53, 5
55.897827 37.410015, 20:12:55, 5
55.897812 37.410019, 20:12:56, 5
55.897785 37.409996, 20:12:58, 4
55.897778 37.410011, 20:12:59, 4
55.897755 37.410019, 20:13:1, 5
55.897739 37.409985, 20:13:2, 4
55.897713 37.409985, 20:13:4, 4
55.897697 37.409977, 20:13:5, 5
55.897663 37.409946, 20:13:7, 5
55.897640 37.409950, 20:13:8, 5
55.897606 37.409908, 20:13:10, 5
55.897591 37.409901, 20:13:11, 5
55.897568 37.409874, 20:13:13, 5
55.897533 37.409843, 20:13:15, 5
55.897526 37.409817, 20:13:16, 6
55.897484 37.409752, 20:13:18, 7
55.897461 37.409695, 20:13:19, 8
55.897427 37.409733, 20:13:21, 6
55.897411 37.409721, 20:13:22, 7
55.897388 37.409763, 20:13:24, 6
55.897362 37.409771, 20:13:25, 6
55.897331 37.409790, 20:13:27, 6
55.897316 37.409801, 20:13:28, 5
55.897289 37.409866, 20:13:30, 6
55.897274 37.409885, 20:13:31, 5
55.897240 37.409889, 20:13:33, 5
55.897224 37.409893, 20:13:34, 5
55.897202 37.409908, 20:13:36, 4
55.897175 37.409908, 20:13:38, 4
55.897167 37.409912, 20:13:39, 3
55.897137 37.409878, 20:13:41, 4
55.897118 37.409885, 20:13:42, 5
55.897102 37.409920, 20:13:44, 4
55.897087 37.409924, 20:13:45, 5
55.897053 37.409935, 20:13:47, 5
55.897038 37.409935, 20:13:48, 5
55.897015 37.409969, 20:13:50, 5
55.897007 37.409981, 20:13:51, 4
55.896973 37.410027, 20:13:53, 4
55.896957 37.410034, 20:13:54, 4
55.896931 37.410069, 20:13:56, 5
55.896923 37.410084, 20:13:57, 4
55.896893 37.410133, 20:13:59, 5
55.896851 37.410130, 20:14:1, 5
55.896828 37.410118, 20:14:2, 4
55.896793 37.410133, 20:14:4, 5
55.896778 37.410137, 20:14:5, 4
55.896751 37.410137, 20:14:7, 5
55.896736 37.410130, 20:14:8, 5
55.896687 37.410145, 20:14:10, 8
55.896664 37.410152, 20:14:11, 9
55.896641 37.410160, 20:14:13, 6
55.896622 37.410172, 20:14:14, 6
55.896591 37.410156, 20:14:16, 5
55.896584 37.410179, 20:14:17, 5
55.896542 37.410164, 20:14:19, 6
55.896526 37.410172, 20:14:20, 6
55.896492 37.410145, 20:14:22, 6
55.896477 37.410156, 20:14:23, 6
55.896461 37.410145, 20:14:25, 6
55.896412 37.410137, 20:14:27, 6
55.896397 37.410145, 20:14:28, 6
55.896362 37.410168, 20:14:30, 6
55.896339 37.410164, 20:14:31, 6
55.896305 37.410168, 20:14:33, 5
55.896282 37.410168, 20:14:34, 6
55.896255 37.410175, 20:14:36, 5
55.896240 37.410175, 20:14:37, 5
55.896217 37.410217, 20:14:39, 5
55.896206 37.410198, 20:14:40, 4
55.896183 37.410191, 20:14:42, 3
55.896168 37.410194, 20:14:43, 4
55.896133 37.410172, 20:14:45, 4
55.896118 37.410152, 20:14:46, 5
55.896084 37.410168, 20:14:48, 5
55.896061 37.410141, 20:14:49, 6
55.896030 37.410133, 20:14:51, 6
55.896030 37.410149, 20:14:52, 5
55.895988 37.410172, 20:14:54, 5
55.895973 37.410168, 20:14:55, 5
55.895947 37.410198, 20:14:57, 5
55.895931 37.410210, 20:14:58, 6
55.895897 37.410225, 20:15:0, 5
55.895882 37.410233, 20:15:1, 5
55.895840 37.410217, 20:15:3, 6
55.895824 37.410233, 20:15:4, 5
55.895794 37.410252, 20:15:6, 5
55.895786 37.410259, 20:15:7, 5
55.895760 37.410294, 20:15:9, 4
55.895737 37.410336, 20:15:11, 5
55.895718 37.410336, 20:15:12, 4
55.895687 37.410336, 20:15:14, 5
55.895679 37.410347, 20:15:15, 5
55.895638 37.410351, 20:15:17, 5
55.895630 37.410374, 20:15:18, 4
55.895596 37.410351, 20:15:20, 5
55.895580 37.410343, 20:15:21, 6
55.895557 37.410358, 20:15:23, 4
55.895557 37.410362, 20:15:24, 3
55.895542 37.410366, 20:15:26, 1
55.895542 37.410378, 20:15:27, 0
55.895531 37.410423, 20:15:29, 2
55.895515 37.410423, 20:15:30, 3
55.895493 37.410465, 20:15:32, 3
55.895473 37.410503, 20:15:34, 3
55.895466 37.410526, 20:15:35, 4
55.895435 37.410538, 20:15:37, 4
55.895435 37.410564, 20:15:38, 3
55.895401 37.410580, 20:15:40, 4
55.895386 37.410591, 20:15:41, 4
55.895378 37.410660, 20:15:43, 3
55.895351 37.410645, 20:15:44, 4
55.895313 37.410652, 20:15:46, 4
55.895298 37.410664, 20:15:47, 4
55.895264 37.410671, 20:15:49, 4
55.895264 37.410686, 20:15:50, 3
55.895241 37.410656, 20:15:52, 3
55.895229 37.410660, 20:15:53, 4
55.895184 37.410652, 20:15:55, 5
55.895142 37.410683, 20:15:57, 5
55.895119 37.410686, 20:15:58, 5
55.895084 37.410683, 20:16:0, 5
55.895061 37.410679, 20:16:1, 5
55.895020 37.410679, 20:16:3, 6
55.894997 37.410686, 20:16:4, 6
55.894962 37.410717, 20:16:6, 3
55.894947 37.410728, 20:16:7, 4
55.894905 37.410709, 20:16:9, 5
55.894890 37.410702, 20:16:10, 5
55.894855 37.410740, 20:16:12, 5
55.894840 37.410748, 20:16:13, 5
55.894810 37.410782, 20:16:15, 7
55.894791 37.410789, 20:16:16, 6
55.894760 37.410801, 20:16:18, 4
55.894733 37.410805, 20:16:20, 4
55.894718 37.410805, 20:16:21, 4
55.894695 37.410801, 20:16:23, 5
55.894676 37.410809, 20:16:24, 4
55.894653 37.410789, 20:16:26, 3
55.894638 37.410782, 20:16:27, 3
55.894619 37.410793, 20:16:29, 2
55.894611 37.410809, 20:16:30, 2
55.894604 37.410835, 20:16:32, 2
55.894596 37.410835, 20:16:33, 2
55.894588 37.410881, 20:16:35, 2
55.894573 37.410881, 20:16:36, 3
55.894554 37.410877, 20:16:38, 3
55.894539 37.410877, 20:16:39, 3
55.894524 37.410892, 20:16:41, 3
55.894524 37.410927, 20:16:43, 1
55.894508 37.410931, 20:16:44, 2
55.894474 37.410927, 20:16:46, 4
55.894459 37.410938, 20:16:47, 4
55.894424 37.410942, 20:16:49, 4
55.894409 37.410938, 20:16:50, 4
55.894394 37.410969, 20:16:52, 3
55.894394 37.411011, 20:16:53, 3
55.894360 37.411053, 20:16:55, 4
55.894360 37.411083, 20:16:56, 4
55.894352 37.411152, 20:16:58, 5
55.894352 37.411194, 20:16:59, 5
55.894344 37.411251, 20:17:1, 5
55.894352 37.411297, 20:17:2, 5
55.894360 37.411354, 20:17:4, 5
55.894360 37.411404, 20:17:6, 5
55.894360 37.411438, 20:17:7, 5
55.894367 37.411510, 20:17:9, 6
55.894367 37.411537, 20:17:10, 6
55.894352 37.411594, 20:17:12, 5
55.894360 37.411621, 20:17:13, 5
55.894321 37.411663, 20:17:15, 6
55.894321 37.411690, 20:17:16, 6
55.894310 37.411720, 20:17:18, 4
55.894321 37.411751, 20:17:19, 4
55.894352 37.411800, 20:17:21, 5
55.894344 37.411816, 20:17:22, 5
55.894344 37.411839, 20:17:24, 4
55.894337 37.411823, 20:17:25, 2
55.894321 37.411808, 20:17:27, 0
55.894321 37.411808, 20:17:28, 0
55.894321 37.411819, 20:17:30, 2
55.894295 37.411789, 20:17:31, 2
55.894287 37.411785, 20:17:33, 1
55.894287 37.411819, 20:17:34, 3
55.894279 37.411854, 20:17:36, 3
55.894279 37.411873, 20:17:37, 3
55.894279 37.411911, 20:17:39, 3
55.894287 37.411930, 20:17:40, 3
55.894295 37.411980, 20:17:42, 2
55.894287 37.411995, 20:17:43, 2
55.894287 37.412022, 20:17:45, 1
55.894287 37.412033, 20:17:46, 1
55.894295 37.412075, 20:17:48, 0
55.894295 37.412121, 20:17:49, 2
55.894295 37.412189, 20:17:51, 3
55.894295 37.412243, 20:17:53, 3
55.894302 37.412285, 20:17:54, 3
55.894302 37.412331, 20:17:56, 3
55.894302 37.412361, 20:17:57, 3
55.894302 37.412395, 20:17:59, 2
55.894302 37.412426, 20:18:0, 2
55.894310 37.412476, 20:18:2, 2
55.894302 37.412498, 20:18:3, 2
55.894302 37.412540, 20:18:5, 2
55.894302 37.412571, 20:18:6, 2
55.894310 37.412594, 20:18:8, 1
55.894302 37.412601, 20:18:9, 1
55.894302 37.412621, 20:18:11, 0
55.894302 37.412640, 20:18:12, 1
55.894321 37.412720, 20:18:14, 4
55.894329 37.412781, 20:18:16, 4
55.894344 37.412815, 20:18:17, 3
55.894352 37.412884, 20:18:19, 3
55.894352 37.412922, 20:18:20, 4
55.894360 37.412991, 20:18:22, 4
55.894367 37.413036, 20:18:23, 5
55.894375 37.413109, 20:18:25, 6
55.894375 37.413139, 20:18:26, 6
55.894375 37.413216, 20:18:28, 6
55.894375 37.413250, 20:18:29, 6
55.894386 37.413307, 20:18:31, 6
55.894386 37.413311, 20:18:32, 3
55.894375 37.413345, 20:18:34, 3
55.894375 37.413372, 20:18:35, 4
55.894375 37.413425, 20:18:37, 4
55.894367 37.413448, 20:18:39, 4
55.894344 37.413509, 20:18:44, 3
55.894360 37.413540, 20:18:46, 2
55.894360 37.413551, 20:18:47, 1
55.894367 37.413582, 20:18:49, 2
55.894360 37.413586, 20:18:50, 1
55.894344 37.413612, 20:18:52, 1
55.894302 37.413601, 20:18:53, 5
55.894287 37.413631, 20:18:55, 4
55.894279 37.413654, 20:18:56, 3
55.894279 37.413685, 20:18:58, 1
55.894279 37.413715, 20:18:59, 1
55.894272 37.413776, 20:19:1, 3
55.894253 37.413769, 20:19:2, 3
55.894245 37.413853, 20:19:4, 3
55.894253 37.414001, 20:19:6, 4
55.894253 37.414036, 20:19:7, 2
55.894245 37.414089, 20:19:9, 3
55.894238 37.414127, 20:19:10, 3
55.894222 37.414169, 20:19:12, 3
55.894215 37.414211, 20:19:13, 4
55.894207 37.414249, 20:19:15, 3
55.894188 37.414272, 20:19:16, 4
55.894173 37.414295, 20:19:18, 4
55.894165 37.414326, 20:19:19, 4
55.894157 37.414356, 20:19:21, 2
55.894142 37.414356, 20:19:22, 2
55.894115 37.414444, 20:19:24, 5
55.894108 37.414471, 20:19:25, 5
55.894077 37.414490, 20:19:27, 4
55.894058 37.414536, 20:19:29, 4
55.894051 37.414555, 20:19:30, 4
55.894035 37.414593, 20:19:32, 3
55.894028 37.414631, 20:19:33, 3
55.894009 37.414707, 20:19:35, 3
55.894009 37.414726, 20:19:36, 3
55.894028 37.414875, 20:19:38, 4
55.894009 37.414936, 20:19:39, 7
55.893986 37.415039, 20:19:41, 7
55.893978 37.415058, 20:19:42, 7
55.893963 37.415115, 20:19:44, 6
55.893944 37.415142, 20:19:45, 6
55.893929 37.415173, 20:19:47, 4
55.893921 37.415180, 20:19:48, 4
55.893898 37.415222, 20:19:50, 4
55.893864 37.415215, 20:19:52, 4
55.893856 37.415234, 20:19:53, 4
55.893841 37.415291, 20:19:55, 4
55.893833 37.415333, 20:19:56, 5
55.893814 37.415352, 20:19:58, 4
55.893814 37.415371, 20:19:59, 4
55.893799 37.415409, 20:20:1, 3
55.893791 37.415421, 20:20:2, 3
55.893799 37.415520, 20:20:4, 1
55.893784 37.415546, 20:20:5, 3
55.893784 37.415611, 20:20:7, 1
55.893784 37.415642, 20:20:8, 2
55.893784 37.415707, 20:20:10, 2
55.893784 37.415752, 20:20:11, 2
55.893776 37.415855, 20:20:13, 2
55.893764 37.415882, 20:20:14, 3
55.893757 37.415958, 20:20:16, 3
55.893742 37.415958, 20:20:17, 4
55.893726 37.416023, 20:20:19, 4
55.893719 37.416077, 20:20:20, 4
55.893700 37.416134, 20:20:22, 3
55.893692 37.416149, 20:20:23, 3
55.893684 37.416164, 20:20:25, 2
55.893677 37.416164, 20:20:26, 2
55.893677 37.416206, 20:20:28, 1
55.893677 37.416256, 20:20:29, 0
55.893684 37.416298, 20:20:31, 0
55.893684 37.416321, 20:20:32, 1
55.893692 37.416382, 20:20:34, 2
55.893692 37.416424, 20:20:35, 3
55.893700 37.416512, 20:20:37, 4
55.893684 37.416569, 20:20:39, 5
55.893684 37.416603, 20:20:40, 5
55.893692 37.416668, 20:20:42, 5
55.893684 37.416698, 20:20:43, 5
55.893684 37.416748, 20:20:45, 4
55.893692 37.416775, 20:20:46, 4
55.893711 37.416817, 20:20:48, 4
55.893726 37.416847, 20:20:49, 5
55.893749 37.416912, 20:20:51, 6
55.893749 37.416927, 20:20:52, 5
55.893757 37.416965, 20:20:54, 5
55.893757 37.416969, 20:20:55, 3
55.893764 37.417049, 20:20:57, 6
55.893764 37.417080, 20:20:58, 6
55.893757 37.417114, 20:21:0, 4
55.893757 37.417168, 20:21:2, 4
55.893757 37.417191, 20:21:3, 4
55.893742 37.417255, 20:21:5, 5
55.893742 37.417290, 20:21:6, 5
55.893742 37.417343, 20:21:8, 5
55.893742 37.417381, 20:21:9, 5
55.893742 37.417439, 20:21:11, 5
55.893749 37.417469, 20:21:12, 6
55.893749 37.417515, 20:21:14, 4
55.893742 37.417526, 20:21:15, 4
55.893742 37.417553, 20:21:17, 3
55.893749 37.417583, 20:21:18, 4
55.893757 37.417652, 20:21:20, 5
55.893757 37.417675, 20:21:21, 5
55.893749 37.417717, 20:21:23, 5
55.893757 37.417740, 20:21:25, 3
55.893757 37.417770, 20:21:26, 4
55.893726 37.417770, 20:21:28, 4
55.893719 37.417797, 20:21:29, 5
55.893711 37.417812, 20:21:31, 3
55.893700 37.417835, 20:21:32, 3
55.893700 37.417873, 20:21:34, 3
55.893700 37.417896, 20:21:35, 3
55.893692 37.417946, 20:21:37, 4
55.893711 37.417980, 20:21:38, 5
55.893719 37.418056, 20:21:40, 6
55.893719 37.418091, 20:21:41, 4
55.893757 37.418201, 20:21:43, 7
55.893757 37.418224, 20:21:44, 7
55.893776 37.418293, 20:21:46, 6
55.893784 37.418339, 20:21:48, 5
55.893791 37.418354, 20:21:49, 5
55.893791 37.418392, 20:21:51, 3
55.893799 37.418423, 20:21:52, 4
55.893814 37.418484, 20:21:54, 4
55.893833 37.418518, 20:21:55, 5
55.893841 37.418591, 20:21:57, 6
55.893848 37.418640, 20:21:58, 6
55.893848 37.418694, 20:22:0, 5
55.893856 37.418736, 20:22:1, 7
55.893856 37.418797, 20:22:3, 6
55.893856 37.418827, 20:22:4, 7
55.893864 37.418880, 20:22:6, 6
55.893864 37.418903, 20:22:7, 5
55.893879 37.418941, 20:22:9, 3
55.893879 37.418987, 20:22:11, 4
55.893879 37.419010, 20:22:12, 4
55.893879 37.419041, 20:22:14, 3
55.893879 37.419052, 20:22:15, 3
55.893871 37.419067, 20:22:17, 2
55.893864 37.419086, 20:22:18, 2
55.893864 37.419136, 20:22:20, 4
55.893864 37.419163, 20:22:21, 4
55.893856 37.419209, 20:22:23, 4
55.893856 37.419243, 20:22:24, 4
55.893856 37.419315, 20:22:26, 5
55.893856 37.419350, 20:22:27, 5
55.893856 37.419392, 20:22:29, 4
55.893856 37.419418, 20:22:30, 4
55.893856 37.419453, 20:22:32, 3
55.893864 37.419472, 20:22:34, 1
55.893864 37.419491, 20:22:35, 2
55.893871 37.419552, 20:22:37, 3
55.893871 37.419563, 20:22:38, 2
55.893864 37.419632, 20:22:40, 5
55.893871 37.419670, 20:22:41, 5
55.893864 37.419727, 20:22:43, 5
55.893864 37.419750, 20:22:44, 5
55.893864 37.419823, 20:22:46, 5
55.893864 37.419865, 20:22:47, 5
55.893864 37.419930, 20:22:49, 5
55.893898 37.419991, 20:22:50, 6
55.893906 37.420063, 20:22:52, 6
55.893913 37.420086, 20:22:53, 6
55.893921 37.420139, 20:22:55, 5
55.893936 37.420189, 20:22:57, 5
55.893936 37.420219, 20:22:58, 5
55.893936 37.420261, 20:23:0, 4
55.893936 37.420288, 20:23:1, 4
55.893936 37.420361, 20:23:3, 6
55.893936 37.420387, 20:23:4, 5
55.893936 37.420437, 20:23:6, 5
55.893929 37.420464, 20:23:7, 5
55.893936 37.420521, 20:23:9, 5
55.893944 37.420551, 20:23:10, 5
55.893955 37.420597, 20:23:12, 5
55.893963 37.420628, 20:23:13, 5
55.893978 37.420673, 20:23:15, 5
55.893986 37.420704, 20:23:16, 5
55.894009 37.420738, 20:23:18, 3
55.894020 37.420776, 20:23:19, 5
55.894028 37.420822, 20:23:21, 5
55.894020 37.420872, 20:23:23, 4
55.894020 37.420906, 20:23:24, 5
55.894035 37.420982, 20:23:26, 5
55.894028 37.421013, 20:23:27, 5
55.894035 37.421062, 20:23:29, 5
55.894043 37.421089, 20:23:30, 5
55.894043 37.421124, 20:23:32, 4
55.894043 37.421139, 20:23:33, 3
55.894066 37.421162, 20:23:35, 2
55.894066 37.421165, 20:23:36, 2
55.894077 37.421204, 20:23:38, 3
55.894077 37.421219, 20:23:39, 2
55.894085 37.421272, 20:23:41, 3
55.894085 37.421291, 20:23:42, 3
55.894066 37.421310, 20:23:44, 2
55.894077 37.421318, 20:23:45, 1
55.894100 37.421375, 20:23:47, 3
55.894115 37.421406, 20:23:48, 4
55.894131 37.421459, 20:23:50, 4
55.894131 37.421486, 20:23:51, 4
55.894142 37.421551, 20:23:53, 5
55.894150 37.421574, 20:23:54, 4
55.894157 37.421635, 20:23:56, 4
55.894165 37.421658, 20:23:57, 5
55.894165 37.421726, 20:23:59, 6
55.894165 37.421745, 20:24:0, 5
55.894173 37.421803, 20:24:2, 4
55.894180 37.421829, 20:24:3, 3
55.894188 37.421875, 20:24:5, 4
55.894199 37.421921, 20:24:7, 4
55.894199 37.421944, 20:24:8, 4
55.894180 37.421978, 20:24:10, 5
55.894180 37.422016, 20:24:12, 5
55.894180 37.422024, 20:24:13, 3
55.894188 37.422100, 20:24:15, 5
55.894199 37.422123, 20:24:16, 5
55.894180 37.422192, 20:24:18, 7
55.894188 37.422234, 20:24:20, 5
55.894180 37.422249, 20:24:21, 5
55.894188 37.422314, 20:24:23, 5
55.894180 37.422329, 20:24:24, 5
55.894180 37.422367, 20:24:26, 4
55.894173 37.422390, 20:24:27, 4
55.894173 37.422443, 20:24:29, 4
55.894165 37.422485, 20:24:31, 4
55.894165 37.422489, 20:24:32, 2
55.894165 37.422523, 20:24:34, 2
55.894150 37.422546, 20:24:36, 2
55.894150 37.422565, 20:24:37, 1
55.894157 37.422596, 20:24:39, 1
55.894150 37.422634, 20:24:40, 2
55.894157 37.422710, 20:24:42, 4
55.894157 37.422737, 20:24:43, 4
55.894157 37.422810, 20:24:45, 5
55.894131 37.422825, 20:24:46, 5
55.894131 37.422886, 20:24:48, 5
55.894131 37.422916, 20:24:49, 4
55.894123 37.422974, 20:24:51, 4
55.894123 37.423000, 20:24:52, 4
55.894131 37.423058, 20:24:54, 3
55.894131 37.423092, 20:24:55, 3
55.894131 37.423161, 20:24:57, 4
55.894123 37.423168, 20:24:58, 3
55.894131 37.423222, 20:25:0, 2
55.894142 37.423328, 20:25:2, 5
55.894150 37.423382, 20:25:3, 6
55.894150 37.423439, 20:25:5, 5
55.894150 37.423489, 20:25:6, 6
55.894150 37.423588, 20:25:8, 7
55.894142 37.423580, 20:25:9, 5
55.894131 37.423656, 20:25:11, 6
55.894123 37.423679, 20:25:12, 5
55.894108 37.423721, 20:25:14, 5
55.894108 37.423752, 20:25:15, 5
55.894100 37.423817, 20:25:17, 5
55.894100 37.423843, 20:25:18, 5
55.894093 37.423897, 20:25:20, 5
55.894093 37.423912, 20:25:21, 4
55.894085 37.423965, 20:25:23, 5
55.894077 37.424000, 20:25:24, 5
55.894085 37.424061, 20:25:26, 5
55.894093 37.424030, 20:25:27, 2
55.894093 37.424076, 20:25:29, 3
55.894093 37.424122, 20:25:30, 4
55.894093 37.424194, 20:25:32, 5
55.894093 37.424236, 20:25:33, 5
55.894085 37.424282, 20:25:35, 5
55.894077 37.424294, 20:25:36, 4
55.894058 37.424335, 20:25:38, 4
55.894035 37.424332, 20:25:40, 3
55.894020 37.424332, 20:25:41, 3
55.893986 37.424358, 20:25:43, 4
55.893970 37.424370, 20:25:44, 4
55.893936 37.424404, 20:25:46, 5
55.893929 37.424412, 20:25:47, 4
55.893898 37.424446, 20:25:49, 4
55.893871 37.424465, 20:25:51, 4
55.893864 37.424473, 20:25:52, 3
55.893822 37.424503, 20:25:54, 4
55.893806 37.424515, 20:25:55, 5
55.893791 37.424561, 20:25:57, 3
55.893776 37.424595, 20:25:58, 4
55.893749 37.424637, 20:26:0, 4
55.893734 37.424644, 20:26:1, 4
55.893700 37.424690, 20:26:3, 4
55.893684 37.424728, 20:26:5, 4
55.893661 37.424725, 20:26:6, 4
55.893627 37.424747, 20:26:8, 5
55.893620 37.424767, 20:26:9, 4
55.893597 37.424801, 20:26:11, 3
55.893578 37.424820, 20:26:12, 4
55.893547 37.424850, 20:26:14, 4
55.893505 37.424858, 20:26:16, 5
55.893490 37.424870, 20:26:17, 5
55.893467 37.424889, 20:26:19, 4
55.893448 37.424908, 20:26:20, 5
55.893433 37.424915, 20:26:22, 4
55.893417 37.424961, 20:26:23, 5
55.893410 37.424992, 20:26:25, 4
55.893398 37.425011, 20:26:26, 3
55.893375 37.425037, 20:26:28, 3
55.893368 37.425037, 20:26:29, 3
55.893353 37.425056, 20:26:31, 3
55.893326 37.425083, 20:26:32, 5
55.893311 37.425125, 20:26:34, 4
55.893295 37.425133, 20:26:35, 4
55.893253 37.425163, 20:26:37, 6
55.893246 37.425182, 20:26:38, 5
55.893211 37.425182, 20:26:40, 5
55.893204 37.425209, 20:26:41, 4
55.893181 37.425282, 20:26:43, 6
55.893166 37.425308, 20:26:44, 5
55.893131 37.425346, 20:26:46, 6
55.893124 37.425365, 20:26:47, 5
55.893101 37.425400, 20:26:49, 5
55.893082 37.425449, 20:26:51, 4
55.893074 37.425472, 20:26:52, 4
55.893051 37.425514, 20:26:54, 6
55.893066 37.425636, 20:26:55, 5
55.893051 37.425716, 20:26:57, 4
55.893051 37.425747, 20:26:58, 4
55.893009 37.425785, 20:27:0, 6
55.892986 37.425800, 20:27:1, 6
55.892960 37.425842, 20:27:3, 6
55.892952 37.425869, 20:27:4, 5
55.892937 37.425919, 20:27:6, 5
55.892929 37.425949, 20:27:7, 5
55.892902 37.425987, 20:27:9, 5
55.892902 37.426025, 20:27:10, 5
55.892895 37.426079, 20:27:12, 5
55.892887 37.426136, 20:27:14, 4
55.892879 37.426147, 20:27:15, 3
55.892864 37.426193, 20:27:17, 4
55.892879 37.426247, 20:27:18, 6
55.892864 37.426292, 20:27:20, 6
55.892845 37.426315, 20:27:21, 5
55.892822 37.426357, 20:27:23, 5
55.892815 37.426392, 20:27:24, 6
55.892780 37.426430, 20:27:26, 4
55.892765 37.426453, 20:27:27, 5
55.892765 37.426525, 20:27:29, 5
55.892750 37.426533, 20:27:30, 4
55.892723 37.426582, 20:27:32, 3
55.892708 37.426594, 20:27:33, 3
55.892693 37.426624, 20:27:35, 3
55.892666 37.426670, 20:27:37, 3
55.892651 37.426701, 20:27:39, 2
55.892643 37.426735, 20:27:41, 3
55.892612 37.426746, 20:27:43, 2
55.892601 37.426769, 20:27:45, 2
55.892593 37.426807, 20:27:47, 2
55.892578 37.426853, 20:27:49, 5
55.892563 37.426895, 20:27:51, 5
55.892521 37.426933, 20:27:53, 6
55.892506 37.426922, 20:27:54, 5
55.892471 37.426952, 20:27:56, 6
55.892464 37.426964, 20:27:57, 5
55.892456 37.427017, 20:27:59, 5
55.892464 37.427074, 20:28:1, 4
55.892479 37.427132, 20:28:3, 4
55.892479 37.427189, 20:28:5, 6
55.892490 37.427219, 20:28:6, 6
55.892498 37.427292, 20:28:8, 6
55.892513 37.427334, 20:28:9, 9
55.892521 37.427402, 20:28:11, 8
55.892529 37.427425, 20:28:12, 7
55.892521 37.427483, 20:28:14, 7
55.892521 37.427505, 20:28:15, 6
55.892521 37.427563, 20:28:17, 6
55.892513 37.427589, 20:28:18, 6
55.892498 37.427635, 20:28:20, 6
55.892490 37.427650, 20:28:21, 5
55.892464 37.427677, 20:28:23, 5
55.892456 37.427692, 20:28:24, 5
55.892441 37.427700, 20:28:26, 2
55.892422 37.427731, 20:28:28, 4
55.892406 37.427742, 20:28:29, 5
55.892376 37.427776, 20:28:31, 5
55.892368 37.427792, 20:28:32, 5
55.892342 37.427822, 20:28:34, 5
55.892334 37.427845, 20:28:35, 5
55.892300 37.427876, 20:28:37, 5
55.892292 37.427895, 20:28:38, 5
55.892269 37.427910, 20:28:40, 5
55.892262 37.427925, 20:28:41, 4
55.892220 37.427940, 20:28:43, 7
55.892204 37.427956, 20:28:44, 6
55.892178 37.427979, 20:28:46, 6
55.892162 37.427990, 20:28:47, 6
55.892147 37.428032, 20:28:49, 5
55.892139 37.428059, 20:28:51, 4
55.892124 37.428066, 20:28:52, 4
55.892097 37.428116, 20:28:54, 6
55.892090 37.428139, 20:28:55, 5
55.892075 37.428177, 20:28:57, 5
55.892067 37.428204, 20:28:58, 5
55.892048 37.428242, 20:29:0, 5
55.892025 37.428249, 20:29:2, 6
55.891991 37.428288, 20:29:4, 6
55.892002 37.428356, 20:29:6, 7
55.891983 37.428371, 20:29:7, 6
55.891953 37.428410, 20:29:9, 5
55.891926 37.428432, 20:29:11, 5
55.891911 37.428452, 20:29:12, 6
55.891880 37.428478, 20:29:14, 6
55.891853 37.428513, 20:29:16, 4
55.891830 37.428535, 20:29:18, 5
55.891796 37.428566, 20:29:20, 6
55.891773 37.428604, 20:29:22, 4
55.891747 37.428627, 20:29:24, 5
55.891724 37.428658, 20:29:26, 4
55.891701 37.428677, 20:29:28, 4
55.891674 37.428703, 20:29:30, 4
55.891644 37.428722, 20:29:32, 6
55.891624 37.428734, 20:29:33, 6
55.891594 37.428749, 20:29:35, 6
55.891579 37.428791, 20:29:37, 5
55.891567 37.428822, 20:29:38, 7
55.891544 37.428867, 20:29:40, 6
55.891521 37.428913, 20:29:42, 6
55.891514 37.428940, 20:29:43, 7
55.891479 37.428963, 20:29:45, 6
55.891464 37.429001, 20:29:47, 4
55.891457 37.429012, 20:29:48, 4
55.891445 37.429050, 20:29:50, 4
55.891415 37.429085, 20:29:52, 6
55.891399 37.429134, 20:29:54, 4
55.891415 37.429180, 20:29:56, 5
55.891407 37.429192, 20:29:57, 5
55.891422 37.429241, 20:29:59, 6
55.891430 37.429256, 20:30:0, 5
55.891422 37.429276, 20:30:2, 3
55.891422 37.429317, 20:30:4, 4
55.891415 37.429337, 20:30:5, 4
55.891399 37.429359, 20:30:7, 5
55.891380 37.429375, 20:30:8, 4
55.891373 37.429405, 20:30:10, 4
55.891350 37.429436, 20:30:12, 4
55.891335 37.429451, 20:30:13, 5
55.891300 37.429470, 20:30:15, 4
55.891293 37.429493, 20:30:16, 5
55.891270 37.429523, 20:30:18, 6
55.891251 37.429550, 20:30:19, 5
55.891235 37.429607, 20:30:21, 6
55.891228 37.429626, 20:30:22, 6
55.891201 37.429661, 20:30:24, 5
55.891186 37.429684, 20:30:25, 6
55.891171 37.429714, 20:30:27, 3
55.891163 37.429733, 20:30:28, 4
55.891136 37.429787, 20:30:30, 9
55.891121 37.429806, 20:30:31, 6
55.891106 37.429848, 20:30:33, 3
55.891090 37.429878, 20:30:35, 3
55.891071 37.429882, 20:30:36, 5
55.891048 37.429897, 20:30:38, 4
55.891033 37.429920, 20:30:39, 4
55.890984 37.429951, 20:30:41, 5
55.890976 37.429970, 20:30:42, 4
55.890949 37.429993, 20:30:44, 5
55.890934 37.430008, 20:30:45, 4
55.890919 37.430046, 20:30:47, 6
55.890903 37.430065, 20:30:48, 5
55.890877 37.430111, 20:30:50, 6
55.890862 37.430126, 20:30:51, 5
55.890827 37.430164, 20:30:53, 6
55.890812 37.430176, 20:30:54, 6
55.890789 37.430225, 20:30:56, 6
55.890770 37.430244, 20:30:57, 6
55.890755 37.430290, 20:30:59, 5
55.890732 37.430332, 20:31:1, 7
55.890732 37.430344, 20:31:2, 4
55.890705 37.430370, 20:31:4, 5
55.890697 37.430382, 20:31:5, 5
55.890675 37.430401, 20:31:7, 5
55.890648 37.430412, 20:31:8, 4
55.890625 37.430439, 20:31:10, 6
55.890617 37.430458, 20:31:11, 5
55.890591 37.430489, 20:31:13, 6
55.890583 37.430500, 20:31:14, 5
55.890553 37.430523, 20:31:16, 6
55.890537 37.430527, 20:31:17, 7
55.890503 37.430508, 20:31:19, 6
55.890488 37.430508, 20:31:20, 6
55.890446 37.430515, 20:31:22, 6
55.890430 37.430515, 20:31:23, 6
55.890396 37.430515, 20:31:25, 6
55.890381 37.430519, 20:31:26, 7
55.890347 37.430519, 20:31:28, 6
55.890331 37.430519, 20:31:29, 5
55.890293 37.430508, 20:31:31, 5
55.890274 37.430508, 20:31:32, 5
55.890251 37.430519, 20:31:34, 5
55.890236 37.430519, 20:31:35, 5
55.890209 37.430519, 20:31:37, 6
55.890194 37.430519, 20:31:38, 5
55.890160 37.430527, 20:31:40, 6
55.890121 37.430531, 20:31:42, 7
55.890102 37.430534, 20:31:43, 6
55.890072 37.430531, 20:31:45, 5
55.890064 37.430531, 20:31:46, 6
55.890022 37.430523, 20:31:48, 6
55.889999 37.430519, 20:31:50, 5
55.889973 37.430515, 20:31:51, 5
55.889950 37.430504, 20:31:53, 5
55.889935 37.430500, 20:31:54, 4
55.889908 37.430492, 20:31:56, 5
55.889885 37.430485, 20:31:57, 5
55.889851 37.430473, 20:31:59, 6
55.889843 37.430470, 20:32:0, 6
55.889812 37.430466, 20:32:2, 7
55.889786 37.430470, 20:32:3, 6
55.889755 37.430462, 20:32:5, 6
55.889721 37.430458, 20:32:7, 6
55.889698 37.430458, 20:32:8, 7
55.889671 37.430447, 20:32:10, 5
55.889656 37.430443, 20:32:11, 5
55.889626 37.430443, 20:32:13, 4
55.889599 37.430420, 20:32:15, 5
55.889584 37.430412, 20:32:16, 4
55.889568 37.430397, 20:32:18, 5
55.889549 37.430393, 20:32:19, 3
55.889534 37.430374, 20:32:21, 5
55.889519 37.430370, 20:32:22, 4
55.889484 37.430363, 20:32:24, 6
55.889462 37.430367, 20:32:25, 6
55.889427 37.430367, 20:32:27, 6
55.889404 37.430367, 20:32:28, 6
55.889370 37.430367, 20:32:30, 5
55.889355 37.430374, 20:32:31, 6
55.889332 37.430367, 20:32:33, 3
55.889332 37.430370, 20:32:34, 2
55.889297 37.430386, 20:32:36, 4
55.889290 37.430386, 20:32:37, 2
55.889282 37.430416, 20:32:39, 3
55.889282 37.430454, 20:32:40, 4
55.889259 37.430473, 20:32:42, 3
55.889240 37.430485, 20:32:43, 2
55.889217 37.430496, 20:32:45, 2
55.889210 37.430508, 20:32:46, 3
55.889194 37.430527, 20:32:48, 3
55.889175 37.430523, 20:32:49, 5
55.889168 37.430496, 20:32:51, 6
55.889183 37.430447, 20:32:53, 6
55.889160 37.430424, 20:32:54, 7
55.889088 37.430489, 20:32:59, 10
55.889103 37.430508, 20:33:0, 3
55.889160 37.430519, 20:33:2, 3
55.889168 37.430523, 20:33:3, 3
55.889175 37.430523, 20:33:5, 4
55.889183 37.430508, 20:33:6, 5
55.889183 37.430519, 20:33:8, 1
55.889175 37.430531, 20:33:9, 1
55.889183 37.430534, 20:33:11, 1
55.889168 37.430527, 20:33:12, 1
55.889145 37.430546, 20:33:14, 2
55.889145 37.430546, 20:33:15, 1
55.889137 37.430565, 20:33:17, 1
55.889145 37.430576, 20:33:19, 1
55.889145 37.430576, 20:33:20, 1
55.889145 37.430561, 20:33:22, 3
55.889145 37.430550, 20:33:23, 2
55.889118 37.430538, 20:33:25, 1
55.889095 37.430538, 20:33:26, 2
55.889088 37.430534, 20:33:28, 1
55.889061 37.430531, 20:33:29, 2
55.889061 37.430538, 20:33:31, 0
55.889061 37.430531, 20:33:32, 0
55.889053 37.430534, 20:33:34, 0
55.889030 37.430508, 20:33:35, 1
55.889004 37.430492, 20:33:37, 2
55.888996 37.430485, 20:33:38, 2
55.888966 37.430470, 20:33:40, 3
55.888939 37.430466, 20:33:42, 1
55.888924 37.430462, 20:33:43, 2
55.888851 37.430431, 20:33:45, 4
55.888836 37.430424, 20:33:46, 3
55.888817 37.430416, 20:33:48, 2
55.888794 37.430416, 20:33:49, 4
55.888752 37.430397, 20:33:51, 7
55.888744 37.430393, 20:33:52, 4
55.888760 37.430401, 20:33:54, 1
55.888760 37.430401, 20:33:55, 1
55.888786 37.430393, 20:33:57, 3
55.888802 37.430382, 20:33:58, 4
55.888817 37.430344, 20:34:0, 5
55.888817 37.430321, 20:34:1, 5
55.888851 37.430298, 20:34:3, 5
55.888866 37.430264, 20:34:5, 5
55.888882 37.430248, 20:34:6, 5
55.888893 37.430218, 20:34:8, 5
55.888908 37.430210, 20:34:9, 5
55.888924 37.430187, 20:34:11, 3
55.888931 37.430176, 20:34:12, 3
55.888924 37.430168, 20:34:14, 1
55.888931 37.430161, 20:34:15, 2
55.888939 37.430138, 20:34:17, 2
55.888950 37.430126, 20:34:18, 3
55.888966 37.430103, 20:34:20, 4
55.888973 37.430096, 20:34:21, 4
55.888988 37.430080, 20:34:23, 4
55.889004 37.430092, 20:34:24, 4
55.889015 37.430111, 20:34:26, 2
55.889023 37.430115, 20:34:28, 2
55.889046 37.430107, 20:34:29, 3
55.889053 37.430099, 20:34:31, 3
55.889080 37.430092, 20:34:32, 4
55.889072 37.430096, 20:34:34, 3
55.889072 37.430088, 20:34:35, 2
55.889088 37.430065, 20:34:37, 3
55.889088 37.430058, 20:34:38, 3
55.889088 37.430058, 20:34:40, 3
55.889095 37.430054, 20:34:41, 2
55.889111 37.430042, 20:34:43, 3
55.889111 37.430042, 20:34:44, 3
55.889088 37.430035, 20:34:46, 0
55.889095 37.430016, 20:34:47, 1
55.889095 37.430004, 20:34:49, 1
55.889111 37.430008, 20:34:51, 1
55.889118 37.429993, 20:34:52, 2
55.889118 37.429943, 20:34:54, 2
55.889118 37.429924, 20:34:55, 1
55.889053 37.429890, 20:34:57, 1
55.889046 37.429874, 20:34:58, 1
55.889023 37.429852, 20:35:0, 1
55.889015 37.429848, 20:35:1, 0
55.888950 37.429852, 20:35:3, 1
55.888901 37.429829, 20:35:4, 1
55.888882 37.429798, 20:35:6, 4
55.888874 37.429771, 20:35:7, 3
55.888844 37.429684, 20:35:9, 4
55.888836 37.429638, 20:35:10, 4
55.888794 37.429539, 20:35:12, 4
55.888779 37.429508, 20:35:13, 3
55.888737 37.429451, 20:35:15, 2
55.888714 37.429409, 20:35:16, 5
55.888695 37.429367, 20:35:18, 2
55.888695 37.429344, 20:35:19, 1
55.888706 37.429302, 20:35:21, 3
55.888714 37.429276, 20:35:22, 3
55.888706 37.429222, 20:35:24, 3
55.888695 37.429203, 20:35:25, 3
55.888695 37.429176, 20:35:27, 3
55.888680 37.429161, 20:35:28, 3
55.888672 37.429131, 20:35:30, 3
55.888657 37.429096, 20:35:31, 5
55.888638 37.429077, 20:35:33, 2
55.888615 37.429058, 20:35:34, 3
55.888584 37.429016, 20:35:36, 5
55.888557 37.428974, 20:35:38, 5
55.888542 37.428959, 20:35:39, 5
55.888515 37.428928, 20:35:41, 5
55.888493 37.428894, 20:35:42, 6
55.888462 37.428848, 20:35:44, 7
55.888435 37.428829, 20:35:45, 7
55.888420 37.428780, 20:35:47, 6
55.888412 37.428745, 20:35:48, 6
55.888386 37.428692, 20:35:50, 6
55.888378 37.428665, 20:35:51, 5
55.888363 37.428616, 20:35:53, 5
55.888348 37.428589, 20:35:54, 5
55.888329 37.428535, 20:35:56, 5
55.888313 37.428513, 20:35:57, 5
55.888290 37.428467, 20:35:59, 4
55.888264 37.428406, 20:36:1, 5
55.888256 37.428383, 20:36:2, 5
55.888241 37.428322, 20:36:4, 5
55.888233 37.428310, 20:36:5, 5
55.888226 37.428272, 20:36:7, 5
55.888218 37.428261, 20:36:8, 5
55.888199 37.428211, 20:36:10, 6
55.888191 37.428181, 20:36:11, 6
55.888168 37.428139, 20:36:13, 5
55.888168 37.428112, 20:36:14, 6
55.888126 37.428059, 20:36:16, 7
55.888119 37.428032, 20:36:17, 7
55.888103 37.427990, 20:36:19, 5
55.888084 37.427963, 20:36:20, 5
55.888069 37.427921, 20:36:22, 6
55.888062 37.427891, 20:36:24, 4
55.888054 37.427868, 20:36:25, 4
55.888039 37.427837, 20:36:27, 3
55.888039 37.427818, 20:36:28, 3
55.888027 37.427803, 20:36:30, 2
55.888027 37.427795, 20:36:31, 2
55.888020 37.427761, 20:36:33, 3
55.888046 37.427731, 20:36:34, 6
55.888027 37.427677, 20:36:36, 5
55.888020 37.427658, 20:36:37, 4
55.888004 37.427612, 20:36:39, 4
55.887989 37.427578, 20:36:40, 5
55.887981 37.427528, 20:36:42, 5
55.887974 37.427502, 20:36:43, 5
55.887974 37.427441, 20:36:45, 5
55.887962 37.427368, 20:36:47, 6
55.887962 37.427341, 20:36:48, 5
55.887947 37.427284, 20:36:50, 5
55.887939 37.427246, 20:36:51, 5
55.887917 37.427185, 20:36:53, 6
55.887905 37.427151, 20:36:54, 6
55.887882 37.427113, 20:36:56, 4
55.887875 37.427074, 20:36:57, 5
55.887817 37.427013, 20:36:59, 7
55.887794 37.426983, 20:37:0, 7
55.887745 37.426926, 20:37:2, 7
55.887730 37.426891, 20:37:3, 6
55.887711 37.426838, 20:37:5, 5
55.887703 37.426819, 20:37:6, 4
55.887711 37.426792, 20:37:8, 3
55.887688 37.426739, 20:37:10, 4
55.887680 37.426704, 20:37:11, 5
55.887646 37.426643, 20:37:13, 5
55.887630 37.426620, 20:37:14, 6
55.887608 37.426556, 20:37:16, 6
55.887596 37.426521, 20:37:17, 6
55.887566 37.426468, 20:37:19, 5
55.887566 37.426445, 20:37:20, 5
55.887539 37.426392, 20:37:22, 5
55.887531 37.426373, 20:37:23, 4
55.887508 37.426315, 20:37:25, 6
55.887501 37.426289, 20:37:26, 6
55.887466 37.426266, 20:37:28, 5
55.887459 37.426247, 20:37:29, 5
55.887451 37.426216, 20:37:31, 4
55.887444 37.426182, 20:37:33, 4
55.887436 37.426167, 20:37:34, 4
55.887417 37.426140, 20:37:36, 4
55.887417 37.426121, 20:37:37, 4
55.887417 37.426075, 20:37:39, 4
55.887417 37.426052, 20:37:40, 5
55.887409 37.426010, 20:37:42, 5
55.887402 37.425983, 20:37:43, 5
55.887394 37.425938, 20:37:45, 5
55.887394 37.425911, 20:37:46, 5
55.887394 37.425880, 20:37:48, 4
55.887394 37.425861, 20:37:49, 3
55.887402 37.425835, 20:37:51, 4
55.887386 37.425804, 20:37:52, 5
55.887371 37.425747, 20:37:54, 5
55.887344 37.425697, 20:37:56, 5
55.887344 37.425667, 20:37:57, 5
55.887321 37.425617, 20:37:59, 5
55.887321 37.425587, 20:38:0, 5
55.887295 37.425533, 20:38:2, 5
55.887287 37.425510, 20:38:3, 4
55.887280 37.425453, 20:38:5, 5
55.887272 37.425419, 20:38:6, 5
55.887257 37.425377, 20:38:8, 4
55.887249 37.425350, 20:38:9, 4
55.887241 37.425297, 20:38:11, 5
55.887241 37.425278, 20:38:12, 5
55.887215 37.425209, 20:38:14, 6
55.887207 37.425175, 20:38:15, 6
55.887199 37.425110, 20:38:17, 6
55.887199 37.425068, 20:38:18, 6
55.887207 37.425014, 20:38:20, 5
55.887207 37.424995, 20:38:21, 4
55.887207 37.424927, 20:38:23, 5
55.887207 37.424900, 20:38:24, 5
55.887207 37.424828, 20:38:26, 4
55.887207 37.424801, 20:38:27, 4
55.887215 37.424759, 20:38:29, 4
55.887207 37.424736, 20:38:30, 3
55.887207 37.424702, 20:38:32, 2
55.887215 37.424690, 20:38:33, 2
55.887241 37.424675, 20:38:35, 2
55.887241 37.424664, 20:38:36, 3
55.887249 37.424618, 20:38:38, 4
55.887249 37.424595, 20:38:39, 4
55.887230 37.424549, 20:38:41, 4
55.887230 37.424492, 20:38:43, 5
55.887215 37.424465, 20:38:44, 5
55.887184 37.424393, 20:38:46, 5
55.887173 37.424362, 20:38:47, 4
55.887157 37.424316, 20:38:49, 2
55.887173 37.424290, 20:38:50, 6
55.887150 37.424210, 20:38:52, 5
55.887142 37.424183, 20:38:53, 5
55.887108 37.424099, 20:38:55, 5
55.887100 37.424061, 20:38:56, 6
55.887070 37.423988, 20:38:58, 7
55.887062 37.423946, 20:38:59, 6
55.887035 37.423862, 20:39:1, 6
55.887028 37.423828, 20:39:2, 5
55.886986 37.423786, 20:39:4, 3
55.886948 37.423706, 20:39:6, 3
55.886955 37.423687, 20:39:7, 3
55.886948 37.423637, 20:39:9, 4
55.886948 37.423607, 20:39:10, 4
55.886948 37.423561, 20:39:12, 4
55.886940 37.423538, 20:39:13, 3
55.886929 37.423477, 20:39:15, 4
55.886929 37.423458, 20:39:16, 3
55.886913 37.423386, 20:39:18, 5
55.886898 37.423351, 20:39:19, 5
55.886890 37.423306, 20:39:21, 5
55.886883 37.423275, 20:39:22, 5
55.886864 37.423210, 20:39:24, 5
55.886864 37.423176, 20:39:25, 5
55.886864 37.423111, 20:39:27, 6
55.886856 37.423035, 20:39:29, 6
55.886856 37.422985, 20:39:30, 6
55.886856 37.422916, 20:39:32, 6
55.886856 37.422874, 20:39:33, 7
55.886856 37.422813, 20:39:35, 6
55.886856 37.422791, 20:39:36, 6
55.886856 37.422737, 20:39:38, 5
55.886856 37.422710, 20:39:39, 6
55.886864 37.422668, 20:39:41, 4
55.886864 37.422646, 20:39:42, 4
55.886875 37.422611, 20:39:44, 5
55.886875 37.422581, 20:39:45, 5
55.886890 37.422562, 20:39:47, 3
55.886883 37.422535, 20:39:48, 3
55.886883 37.422489, 20:39:50, 4
55.886906 37.422451, 20:39:52, 4
55.886921 37.422443, 20:39:53, 4
55.886948 37.422413, 20:39:55, 4
55.886940 37.422386, 20:39:56, 4
55.886940 37.422348, 20:39:58, 3
55.886921 37.422314, 20:39:59, 3
55.886906 37.422249, 20:40:1, 3
55.886898 37.422215, 20:40:2, 4
55.886898 37.422138, 20:40:4, 5
55.886898 37.422104, 20:40:5, 5
55.886875 37.422016, 20:40:7, 6
55.886875 37.421997, 20:40:8, 5
55.886856 37.421925, 20:40:10, 6
55.886864 37.421883, 20:40:11, 6
55.886864 37.421833, 20:40:13, 5
55.886883 37.421776, 20:40:15, 5
55.886890 37.421738, 20:40:16, 6
55.886890 37.421658, 20:40:18, 7
55.886890 37.421642, 20:40:19, 5
55.886890 37.421589, 20:40:21, 5
55.886890 37.421570, 20:40:22, 4
55.886898 37.421528, 20:40:24, 3
55.886898 37.421494, 20:40:25, 4
55.886898 37.421452, 20:40:27, 3
55.886898 37.421436, 20:40:28, 2
55.886906 37.421406, 20:40:30, 2
55.886906 37.421391, 20:40:31, 3
55.886913 37.421322, 20:40:33, 4
55.886921 37.421284, 20:40:34, 5
55.886929 37.421211, 20:40:36, 6
55.886940 37.421143, 20:40:38, 6
55.886940 37.421120, 20:40:39, 6
55.886948 37.421059, 20:40:41, 4
55.886948 37.421024, 20:40:42, 4
55.886955 37.420967, 20:40:44, 5
55.886963 37.420944, 20:40:45, 5
55.886978 37.420902, 20:40:47, 4
55.886986 37.420883, 20:40:48, 4
55.886997 37.420841, 20:40:50, 4
55.886978 37.420795, 20:40:51, 5
55.886997 37.420742, 20:40:53, 5
55.886997 37.420715, 20:40:54, 5
55.886986 37.420654, 20:40:56, 4
55.886978 37.420616, 20:40:57, 4
55.886971 37.420551, 20:40:59, 3
55.886971 37.420532, 20:41:0, 3
55.886978 37.420483, 20:41:2, 4
55.886971 37.420456, 20:41:3, 4
55.886963 37.420399, 20:41:5, 4
55.886971 37.420376, 20:41:6, 4
55.886978 37.420326, 20:41:8, 4
55.886978 37.420307, 20:41:9, 4
55.886978 37.420269, 20:41:11, 3
55.886997 37.420242, 20:41:12, 4
55.887005 37.420185, 20:41:14, 5
55.887012 37.420166, 20:41:15, 4
55.887035 37.420109, 20:41:17, 6
55.887035 37.420071, 20:41:18, 6
55.887043 37.420006, 20:41:20, 6
55.887051 37.419979, 20:41:21, 6
55.887062 37.419918, 20:41:23, 5
55.887070 37.419849, 20:41:25, 5
55.887062 37.419815, 20:41:26, 5
55.887051 37.419739, 20:41:28, 6
55.887062 37.419720, 20:41:29, 5
55.887051 37.419655, 20:41:31, 5
55.887070 37.419632, 20:41:32, 5
55.887085 37.419575, 20:41:34, 6
55.887100 37.419559, 20:41:35, 6
55.887093 37.419502, 20:41:37, 5
55.887077 37.419456, 20:41:38, 5
55.887070 37.419373, 20:41:40, 6
55.887062 37.419331, 20:41:41, 6
55.887035 37.419250, 20:41:43, 6
55.887043 37.419228, 20:41:44, 6
55.887035 37.419170, 20:41:46, 5
55.887051 37.419147, 20:41:48, 5
55.887043 37.419064, 20:41:50, 4
55.887051 37.418957, 20:41:54, 5
55.887093 37.418907, 20:41:56, 6
55.887127 37.418903, 20:41:57, 5
55.887070 37.418804, 20:41:59, 6
55.887070 37.418762, 20:42:0, 6
55.887043 37.418716, 20:42:2, 6
55.886971 37.418629, 20:42:4, 5
55.886921 37.418491, 20:42:6, 5
55.886948 37.418377, 20:42:10, 6
55.886955 37.418324, 20:42:12, 5
55.886986 37.418316, 20:42:13, 5
55.886978 37.418255, 20:42:15, 4
55.886948 37.418194, 20:42:16, 4
55.886955 37.418137, 20:42:18, 5
55.886971 37.418118, 20:42:19, 5
55.886971 37.418034, 20:42:21, 6
55.886948 37.417973, 20:42:22, 7
55.886948 37.417885, 20:42:24, 6
55.886940 37.417843, 20:42:25, 5
55.886921 37.417744, 20:42:27, 7
55.886921 37.417717, 20:42:28, 5
55.886898 37.417637, 20:42:30, 6
55.886875 37.417576, 20:42:31, 6
55.886875 37.417507, 20:42:33, 7
55.886883 37.417484, 20:42:34, 7
55.886875 37.417408, 20:42:36, 6
55.886906 37.417385, 20:42:37, 6
55.886921 37.417358, 20:42:39, 3
55.886940 37.417305, 20:42:41, 4
55.886955 37.417286, 20:42:42, 5
55.886997 37.417248, 20:42:44, 5
55.887020 37.417240, 20:42:45, 5
55.887085 37.417236, 20:42:47, 5
55.887108 37.417229, 20:42:48, 5
55.887165 37.417213, 20:42:50, 4
55.887192 37.417198, 20:42:51, 5
55.887215 37.417168, 20:42:53, 4
55.887215 37.417133, 20:42:54, 5
55.887241 37.417068, 20:42:56, 6
55.887257 37.417049, 20:42:57, 5
55.887280 37.416996, 20:42:59, 6
55.887306 37.416992, 20:43:0, 5
55.887337 37.416946, 20:43:2, 5
55.887379 37.416893, 20:43:4, 6
55.887394 37.416874, 20:43:5, 6
55.887417 37.416821, 20:43:7, 5
55.887428 37.416798, 20:43:8, 5
55.887451 37.416756, 20:43:10, 5
55.887474 37.416744, 20:43:11, 5
55.887501 37.416721, 20:43:13, 4
55.887516 37.416698, 20:43:14, 4
55.887531 37.416660, 20:43:16, 5
55.887550 37.416641, 20:43:17, 6
55.887573 37.416592, 20:43:19, 6
55.887581 37.416561, 20:43:20, 7
55.887608 37.416515, 20:43:22, 6
55.887608 37.416500, 20:43:23, 5
55.887623 37.416443, 20:43:25, 6
55.887638 37.416389, 20:43:27, 6
55.887646 37.416367, 20:43:28, 6
55.887680 37.416325, 20:43:30, 6
55.887695 37.416309, 20:43:31, 6
55.887711 37.416256, 20:43:33, 6
55.887711 37.416252, 20:43:34, 4
55.887753 37.416237, 20:43:36, 3
55.887760 37.416218, 20:43:37, 4
55.887760 37.416180, 20:43:39, 5
55.887768 37.416153, 20:43:40, 5
55.887794 37.416119, 20:43:42, 5
55.887810 37.416100, 20:43:43, 5
55.887833 37.416065, 20:43:45, 5
55.887840 37.416039, 20:43:46, 5
55.887867 37.415981, 20:43:48, 6
55.887890 37.415916, 20:43:50, 6
55.887897 37.415890, 20:43:51, 6
55.887924 37.415848, 20:43:53, 5
55.887939 37.415833, 20:43:54, 6
55.887962 37.415787, 20:43:56, 6
55.887962 37.415756, 20:43:57, 3
55.887989 37.415722, 20:43:59, 5
55.887997 37.415707, 20:44:0, 5
55.888039 37.415691, 20:44:2, 4
55.888054 37.415684, 20:44:3, 6
55.888077 37.415672, 20:44:5, 4
55.888096 37.415668, 20:44:6, 5
55.888126 37.415642, 20:44:8, 5
55.888142 37.415634, 20:44:9, 5
55.888168 37.415592, 20:44:11, 6
55.888184 37.415581, 20:44:12, 6
55.888199 37.415543, 20:44:14, 5
55.888206 37.415520, 20:44:15, 5
55.888226 37.415451, 20:44:17, 6
55.888226 37.415409, 20:44:18, 5
55.888241 37.415352, 20:44:20, 6
55.888256 37.415340, 20:44:21, 6
55.888264 37.415283, 20:44:23, 5
55.888271 37.415268, 20:44:24, 5
55.888290 37.415230, 20:44:26, 4
55.888306 37.415218, 20:44:27, 4
55.888329 37.415203, 20:44:29, 5
55.888348 37.415188, 20:44:30, 5
55.888371 37.415165, 20:44:32, 5
55.888378 37.415146, 20:44:33, 6
55.888405 37.415100, 20:44:35, 6
55.888412 37.415051, 20:44:37, 5
55.888435 37.415039, 20:44:38, 5
55.888462 37.415005, 20:44:40, 6
55.888477 37.414993, 20:44:41, 6
55.888508 37.414963, 20:44:43, 6
55.888515 37.414932, 20:44:44, 6
55.888550 37.414902, 20:44:46, 6
55.888557 37.414879, 20:44:47, 5
55.888584 37.414848, 20:44:49, 5
55.888599 37.414822, 20:44:50, 5
55.888607 37.414772, 20:44:52, 4
55.888615 37.414768, 20:44:53, 3
55.888649 37.414745, 20:44:55, 4
55.888664 37.414738, 20:44:56, 3
55.888687 37.414719, 20:44:58, 4
55.888706 37.414677, 20:45:0, 4
55.888714 37.414661, 20:45:1, 5
55.888744 37.414627, 20:45:3, 6
55.888760 37.414608, 20:45:4, 5
55.888786 37.414551, 20:45:6, 6
55.888794 37.414532, 20:45:7, 6
55.888809 37.414494, 20:45:9, 5
55.888828 37.414471, 20:45:10, 6
55.888851 37.414425, 20:45:12, 6
55.888866 37.414410, 20:45:13, 6
55.888893 37.414356, 20:45:15, 6
55.888901 37.414341, 20:45:16, 6
55.888924 37.414310, 20:45:18, 4
55.888931 37.414288, 20:45:19, 5
55.888966 37.414280, 20:45:21, 5
55.888996 37.414227, 20:45:23, 5
55.889004 37.414204, 20:45:24, 5
55.889038 37.414207, 20:45:26, 4
55.889053 37.414196, 20:45:27, 5
55.889072 37.414162, 20:45:29, 5
55.889088 37.414143, 20:45:30, 4
55.889111 37.414116, 20:45:32, 5
55.889118 37.414097, 20:45:33, 5
55.889145 37.414055, 20:45:35, 5
55.889153 37.414051, 20:45:36, 5
55.889175 37.414055, 20:45:38, 5
55.889175 37.414021, 20:45:39, 2
55.889194 37.413982, 20:45:41, 4
55.889202 37.413956, 20:45:42, 4
55.889225 37.413918, 20:45:44, 5
55.889240 37.413860, 20:45:46, 5
55.889248 37.413826, 20:45:47, 5
55.889275 37.413784, 20:45:49, 5
55.889282 37.413757, 20:45:50, 6
55.889317 37.413723, 20:45:52, 5
55.889324 37.413700, 20:45:53, 5
55.889347 37.413635, 20:45:55, 5
55.889355 37.413609, 20:45:56, 6
55.889389 37.413601, 20:45:58, 5
55.889404 37.413612, 20:45:59, 6
55.889427 37.413612, 20:46:1, 5
55.889439 37.413601, 20:46:2, 5
55.889454 37.413612, 20:46:4, 4
55.889469 37.413612, 20:46:5, 4
55.889492 37.413578, 20:46:7, 5
55.889511 37.413548, 20:46:9, 4
55.889526 37.413525, 20:46:10, 4
55.889534 37.413475, 20:46:12, 4
55.889534 37.413452, 20:46:13, 4
55.889534 37.413399, 20:46:15, 4
55.889534 37.413383, 20:46:16, 4
55.889534 37.413334, 20:46:18, 4
55.889549 37.413311, 20:46:19, 6
55.889561 37.413254, 20:46:21, 5
55.889568 37.413235, 20:46:22, 4
55.889591 37.413208, 20:46:24, 5
55.889606 37.413193, 20:46:25, 5
55.889641 37.413174, 20:46:27, 6
55.889648 37.413151, 20:46:28, 6
55.889683 37.413120, 20:46:30, 6
55.889721 37.413090, 20:46:32, 8
55.889736 37.413074, 20:46:33, 8
55.889771 37.413040, 20:46:35, 7
55.889786 37.413013, 20:46:36, 7
55.889820 37.412979, 20:46:38, 7
55.889835 37.412968, 20:46:39, 7
55.889858 37.412930, 20:46:41, 6
55.889870 37.412914, 20:46:42, 6
55.889900 37.412884, 20:46:44, 6
55.889908 37.412876, 20:46:45, 5
55.889935 37.412853, 20:46:47, 6
55.889950 37.412842, 20:46:48, 6
55.889973 37.412815, 20:46:50, 6
55.889992 37.412800, 20:46:51, 5
55.890038 37.412800, 20:46:53, 7
55.890072 37.412788, 20:46:55, 6
55.890087 37.412785, 20:46:56, 6
55.890114 37.412777, 20:46:58, 5
55.890129 37.412773, 20:46:59, 6
55.890144 37.412754, 20:47:1, 4
55.890152 37.412743, 20:47:2, 4
55.890186 37.412724, 20:47:4, 5
55.890194 37.412712, 20:47:5, 4
55.890224 37.412685, 20:47:7, 7
55.890244 37.412670, 20:47:8, 7
55.890266 37.412643, 20:47:10, 7
55.890282 37.412636, 20:47:11, 6
55.890316 37.412601, 20:47:13, 6
55.890331 37.412582, 20:47:14, 5
55.890347 37.412548, 20:47:16, 5
55.890366 37.412537, 20:47:17, 5
55.890388 37.412502, 20:47:19, 5
55.890396 37.412495, 20:47:20, 4
55.890423 37.412472, 20:47:22, 4
55.890438 37.412464, 20:47:23, 5
55.890461 37.412441, 20:47:25, 5
55.890469 37.412418, 20:47:26, 5
55.890495 37.412399, 20:47:28, 4
55.890511 37.412392, 20:47:29, 5
55.890526 37.412373, 20:47:31, 4
55.890545 37.412380, 20:47:32, 5
55.890575 37.412376, 20:47:34, 5
55.890591 37.412376, 20:47:35, 5
55.890617 37.412373, 20:47:37, 4
55.890633 37.412365, 20:47:38, 5
55.890667 37.412350, 20:47:40, 4
55.890697 37.412315, 20:47:42, 5
55.890705 37.412300, 20:47:43, 5
55.890739 37.412270, 20:47:45, 6
55.890747 37.412254, 20:47:46, 5
55.890770 37.412239, 20:47:48, 5
55.890797 37.412228, 20:47:49, 6
55.890827 37.412209, 20:47:51, 6
55.890835 37.412186, 20:47:52, 5
55.890869 37.412159, 20:47:54, 6
55.890877 37.412148, 20:47:55, 6
55.890911 37.412117, 20:47:57, 6
55.890926 37.412106, 20:47:58, 6
55.890957 37.412083, 20:48:0, 6
55.890976 37.412071, 20:48:1, 6
55.891006 37.412052, 20:48:3, 5
55.891041 37.412041, 20:48:5, 5
55.891056 37.412037, 20:48:6, 5
55.891090 37.412025, 20:48:8, 5
55.891106 37.412022, 20:48:9, 5
55.891129 37.412006, 20:48:11, 5
55.891148 37.412006, 20:48:12, 5
55.891178 37.411995, 20:48:14, 4
55.891186 37.411980, 20:48:15, 4
55.891212 37.411968, 20:48:17, 4
55.891228 37.411964, 20:48:18, 5
55.891270 37.411945, 20:48:20, 6
55.891285 37.411938, 20:48:21, 6
55.891323 37.411919, 20:48:23, 7
55.891350 37.411911, 20:48:24, 7
55.891380 37.411888, 20:48:26, 6
55.891422 37.411877, 20:48:28, 7
55.891430 37.411877, 20:48:29, 5
55.891457 37.411880, 20:48:31, 3
55.891472 37.411880, 20:48:32, 4
55.891502 37.411877, 20:48:34, 6
55.891521 37.411873, 20:48:35, 6
55.891552 37.411877, 20:48:37, 5
55.891560 37.411884, 20:48:38, 2
55.891594 37.411888, 20:48:40, 5
55.891609 37.411892, 20:48:41, 5
55.891644 37.411907, 20:48:43, 6
55.891659 37.411907, 20:48:44, 6
55.891701 37.411915, 20:48:46, 6
55.891708 37.411919, 20:48:47, 5
55.891716 37.411942, 20:48:49, 3
55.891747 37.411942, 20:48:51, 6
55.891773 37.411934, 20:48:52, 5
55.891804 37.411926, 20:48:54, 5
55.891811 37.411926, 20:48:55, 4
55.891838 37.411942, 20:48:57, 3
55.891846 37.411942, 20:48:58, 1
55.891869 37.411919, 20:49:0, 4
55.891888 37.411907, 20:49:1, 2
55.891911 37.411873, 20:49:3, 3
55.891926 37.411858, 20:49:4, 3
55.891953 37.411839, 20:49:6, 2
55.891968 37.411819, 20:49:7, 4
55.891975 37.411785, 20:49:9, 4
55.892025 37.411751, 20:49:10, 4
55.892048 37.411728, 20:49:12, 4
55.892056 37.411701, 20:49:14, 4
55.892056 37.411667, 20:49:15, 5
55.892075 37.411621, 20:49:17, 6
55.892082 37.411610, 20:49:18, 4
55.892105 37.411594, 20:49:20, 6
55.892124 37.411598, 20:49:21, 4
55.892155 37.411579, 20:49:23, 4
55.892162 37.411568, 20:49:24, 3
55.892189 37.411545, 20:49:26, 5
55.892197 37.411537, 20:49:27, 4
55.892212 37.411526, 20:49:29, 4
55.892227 37.411526, 20:49:30, 5
55.892262 37.411518, 20:49:32, 5
55.892269 37.411518, 20:49:33, 4
55.892292 37.411499, 20:49:35, 3
55.892334 37.411488, 20:49:37, 6
55.892342 37.411488, 20:49:38, 1
55.892376 37.411442, 20:49:40, 7
55.892384 37.411430, 20:49:41, 3
55.892414 37.411430, 20:49:43, 6
55.892433 37.411430, 20:49:44, 4
55.892456 37.411411, 20:49:46, 5
55.892471 37.411392, 20:49:47, 6
55.892506 37.411400, 20:49:49, 7
55.892521 37.411438, 20:49:50, 7
55.892570 37.411461, 20:49:52, 9
55.892586 37.411480, 20:49:53, 9
55.892620 37.411465, 20:49:55, 5
55.892635 37.411438, 20:49:56, 5
55.892666 37.411411, 20:49:58, 4
55.892685 37.411411, 20:49:59, 6
55.892723 37.411415, 20:50:1, 6
55.892742 37.411423, 20:50:2, 6
55.892773 37.411419, 20:50:4, 5
55.892780 37.411419, 20:50:5, 4
55.892799 37.411415, 20:50:7, 5
55.892857 37.411388, 20:50:9, 6
55.892872 37.411392, 20:50:10, 4
55.892902 37.411411, 20:50:12, 3
55.892929 37.411430, 20:50:13, 8
55.892929 37.411331, 20:50:15, 6
55.892937 37.411304, 20:50:16, 7
55.893002 37.411297, 20:50:18, 4
55.893017 37.411316, 20:50:19, 0
55.893044 37.411301, 20:50:21, 3
55.893074 37.411293, 20:50:22, 11
55.893116 37.411274, 20:50:24, 8
55.893131 37.411263, 20:50:25, 6
55.893166 37.411255, 20:50:27, 6
55.893173 37.411263, 20:50:28, 6
55.893196 37.411221, 20:50:30, 6
55.893211 37.411209, 20:50:31, 7
55.893246 37.411205, 20:50:33, 10
55.893269 37.411201, 20:50:34, 8
55.893295 37.411194, 20:50:36, 7
55.893318 37.411186, 20:50:37, 8
55.893383 37.411198, 20:50:39, 9
55.893383 37.411213, 20:50:40, 7
55.893425 37.411232, 20:50:42, 7
55.893433 37.411255, 20:50:43, 7
55.893456 37.411297, 20:50:45, 6
55.893497 37.411312, 20:50:47, 7
55.893513 37.411297, 20:50:48, 7
55.893547 37.411312, 20:50:50, 7
55.893539 37.411194, 20:50:51, 5
55.893562 37.411201, 20:50:53, 4
55.893578 37.411209, 20:50:54, 5
55.893597 37.411194, 20:50:56, 4
55.893604 37.411179, 20:50:57, 3
55.893620 37.411148, 20:50:59, 4
55.893627 37.411148, 20:51:0, 3
55.893642 37.411144, 20:51:2, 1
55.893677 37.411129, 20:51:3, 2
55.893677 37.411079, 20:51:5, 2
55.893684 37.411076, 20:51:6, 2
55.893719 37.411060, 20:51:8, 4
55.893742 37.411053, 20:51:10, 4
55.893757 37.411076, 20:51:11, 4
55.893784 37.411060, 20:51:13, 3
55.893806 37.411068, 20:51:14, 4
55.893841 37.411053, 20:51:16, 5
55.893864 37.411057, 20:51:17, 5
55.893906 37.411049, 20:51:19, 5
55.893921 37.411045, 20:51:20, 6
55.893963 37.411049, 20:51:22, 6
55.893986 37.411053, 20:51:23, 6
55.894035 37.411064, 20:51:25, 7
55.894051 37.411076, 20:51:26, 7
55.894093 37.411079, 20:51:28, 7
55.894115 37.411087, 20:51:29, 7
55.894150 37.411068, 20:51:31, 7
55.894188 37.411060, 20:51:33, 8
55.894207 37.411053, 20:51:34, 7
55.894245 37.411053, 20:51:36, 7
55.894253 37.411049, 20:51:37, 7
55.894264 37.411053, 20:51:39, 5
55.894287 37.411049, 20:51:40, 4
55.894310 37.411045, 20:51:42, 2
55.894344 37.411034, 20:51:43, 3
55.894367 37.411018, 20:51:45, 2
55.894386 37.411018, 20:51:46, 2
55.894375 37.410976, 20:51:48, 3
55.894375 37.410946, 20:51:49, 5
55.894386 37.410900, 20:51:51, 5
55.894409 37.410896, 20:51:52, 5
55.894459 37.410900, 20:51:54, 4
55.894474 37.410862, 20:51:56, 3
55.894474 37.410839, 20:51:57, 2
55.894497 37.410805, 20:51:59, 3
55.894508 37.410786, 20:52:0, 4
55.894524 37.410744, 20:52:2, 5
55.894539 37.410713, 20:52:3, 6
55.894547 37.410641, 20:52:5, 7
55.894566 37.410645, 20:52:6, 5
55.894611 37.410645, 20:52:8, 7
55.894619 37.410641, 20:52:9, 5
55.894646 37.410633, 20:52:11, 3
55.894661 37.410633, 20:52:12, 4
55.894695 37.410645, 20:52:14, 4
55.894711 37.410656, 20:52:15, 5
55.894741 37.410660, 20:52:17, 5
55.894760 37.410667, 20:52:19, 3
55.894768 37.410671, 20:52:20, 2
55.894798 37.410667, 20:52:22, 4
55.894810 37.410667, 20:52:23, 5
55.894848 37.410656, 20:52:25, 5
55.894863 37.410667, 20:52:26, 5
55.894897 37.410690, 20:52:28, 6
55.894897 37.410671, 20:52:29, 2
55.894897 37.410637, 20:52:31, 3
55.894920 37.410637, 20:52:32, 4
55.894939 37.410633, 20:52:34, 3
55.894947 37.410652, 20:52:35, 2
55.894962 37.410656, 20:52:37, 3
55.894970 37.410645, 20:52:38, 2
55.894962 37.410629, 20:52:40, 1
55.894978 37.410576, 20:52:42, 5
55.894978 37.410561, 20:52:43, 4
55.895027 37.410568, 20:52:45, 4
55.895042 37.410568, 20:52:46, 4
55.895061 37.410526, 20:52:48, 4
55.895069 37.410507, 20:52:49, 4
55.895100 37.410500, 20:52:51, 4
55.895107 37.410496, 20:52:52, 4
55.895164 37.410507, 20:52:54, 6
55.895176 37.410496, 20:52:55, 6
55.895241 37.410515, 20:52:57, 7
55.895279 37.410530, 20:52:58, 7
55.895344 37.410526, 20:53:0, 8
55.895363 37.410519, 20:53:1, 7
55.895409 37.410526, 20:53:3, 7
55.895435 37.410526, 20:53:4, 6
55.895493 37.410534, 20:53:6, 9
55.895508 37.410519, 20:53:7, 8
55.895542 37.410507, 20:53:9, 7
55.895565 37.410503, 20:53:10, 7
55.895596 37.410503, 20:53:12, 6
55.895630 37.410511, 20:53:13, 6
55.895679 37.410488, 20:53:15, 6
55.895687 37.410465, 20:53:16, 6
55.895710 37.410439, 20:53:18, 5
55.895737 37.410439, 20:53:19, 5
55.895767 37.410408, 20:53:21, 5
55.895775 37.410393, 20:53:22, 5
55.895817 37.410393, 20:53:24, 6
55.895851 37.410423, 20:53:25, 6
55.895882 37.410435, 20:53:27, 6
55.895939 37.410469, 20:53:29, 8
55.895931 37.410419, 20:53:30, 6
55.895939 37.410381, 20:53:32, 5
55.895947 37.410362, 20:53:33, 4
55.895973 37.410351, 20:53:35, 4
55.895988 37.410339, 20:53:36, 3
55.896019 37.410328, 20:53:38, 3
55.896038 37.410324, 20:53:39, 4
55.896061 37.410305, 20:53:41, 4
55.896076 37.410297, 20:53:42, 5
55.896103 37.410282, 20:53:44, 4
55.896118 37.410275, 20:53:45, 4
55.896141 37.410275, 20:53:47, 4
55.896175 37.410275, 20:53:48, 5
55.896206 37.410271, 20:53:50, 6
55.896233 37.410271, 20:53:52, 7
55.896305 37.410240, 20:53:57, 5
55.896339 37.410240, 20:53:58, 5
55.896362 37.410217, 20:54:0, 4
55.896378 37.410240, 20:54:1, 4
55.896397 37.410210, 20:54:3, 3
55.896412 37.410213, 20:54:4, 5
55.896450 37.410213, 20:54:6, 6
55.896469 37.410179, 20:54:7, 4
55.896484 37.410183, 20:54:9, 3
55.896507 37.410206, 20:54:10, 4
55.896549 37.410221, 20:54:12, 6
55.896564 37.410225, 20:54:13, 6
55.896591 37.410198, 20:54:15, 4
55.896591 37.410168, 20:54:16, 4
55.896622 37.410152, 20:54:18, 3
55.896641 37.410149, 20:54:19, 4
55.896671 37.410156, 20:54:21, 4
55.896687 37.410145, 20:54:22, 4
55.896721 37.410152, 20:54:24, 5
55.896736 37.410130, 20:54:25, 4
55.896744 37.410038, 20:54:27, 4
55.896751 37.410015, 20:54:28, 3
55.896793 37.409996, 20:54:30, 5
55.896809 37.410027, 20:54:31, 4
55.896851 37.410027, 20:54:33, 5
55.896866 37.410027, 20:54:34, 5
55.896900 37.410027, 20:54:36, 6
55.896915 37.410027, 20:54:37, 5
55.896957 37.410030, 20:54:39, 7
55.897015 37.410019, 20:54:41, 9
55.897022 37.409992, 20:54:42, 7
55.897022 37.409958, 20:54:44, 4
55.897030 37.409954, 20:54:45, 3
55.897045 37.409927, 20:54:47, 3
55.897053 37.409904, 20:54:48, 4
55.897079 37.409893, 20:54:50, 4
55.897095 37.409893, 20:54:51, 3
55.897110 37.409874, 20:54:53, 3
55.897129 37.409859, 20:54:54, 4
55.897129 37.409809, 20:54:56, 4
55.897137 37.409805, 20:54:57, 2
55.897160 37.409790, 20:54:59, 3
55.897167 37.409771, 20:55:0, 3
55.897175 37.409756, 20:55:2, 1
55.897175 37.409752, 20:55:4, 0
55.897182 37.409740, 20:55:5, 0
55.897182 37.409740, 20:55:7, 0
55.897202 37.409752, 20:55:8, 2
55.897217 37.409714, 20:55:10, 4
55.897217 37.409672, 20:55:11, 4
55.897224 37.409618, 20:55:13, 5
55.897224 37.409592, 20:55:14, 5
55.897224 37.409542, 20:55:16, 5
55.897224 37.409531, 20:55:17, 4
55.897217 37.409489, 20:55:19, 4
55.897217 37.409466, 20:55:20, 4
55.897232 37.409428, 20:55:22, 4
55.897240 37.409409, 20:55:23, 4
55.897240 37.409359, 20:55:25, 2
55.897240 37.409313, 20:55:27, 2
55.897240 37.409309, 20:55:28, 1
55.897251 37.409294, 20:55:30, 2
55.897251 37.409267, 20:55:31, 2
55.897274 37.409245, 20:55:33, 4
55.897282 37.409241, 20:55:34, 3
55.897305 37.409241, 20:55:36, 5
55.897316 37.409222, 20:55:37, 4
55.897331 37.409199, 20:55:39, 3
55.897346 37.409191, 20:55:40, 3
55.897388 37.409191, 20:55:42, 4
55.897396 37.409184, 20:55:43, 5
55.897453 37.409172, 20:55:45, 6
55.897476 37.409168, 20:55:46, 6
55.897511 37.409168, 20:55:48, 6
55.897533 37.409161, 20:55:49, 7
55.897560 37.409153, 20:55:51, 6
55.897560 37.409157, 20:55:52, 4
55.897575 37.409161, 20:55:54, 5
55.897583 37.409157, 20:55:55, 5
55.897606 37.409142, 20:55:57, 4
55.897625 37.409142, 20:55:58, 4
55.897648 37.409122, 20:56:0, 4
55.897663 37.409107, 20:56:1, 4
55.897697 37.409077, 20:56:3, 5
55.897705 37.409065, 20:56:4, 5
55.897747 37.409042, 20:56:6, 6
55.897762 37.409035, 20:56:7, 6
55.897804 37.408989, 20:56:9, 6
55.897812 37.408974, 20:56:10, 5
55.897842 37.408924, 20:56:12, 5
55.897869 37.408886, 20:56:14, 5
55.897877 37.408863, 20:56:15, 5
55.897892 37.408817, 20:56:17, 5
55.897907 37.408794, 20:56:18, 6
55.897934 37.408756, 20:56:20, 5
55.897949 37.408741, 20:56:21, 5
55.897964 37.408710, 20:56:23, 4
55.897972 37.408703, 20:56:24, 3
55.898006 37.408684, 20:56:26, 4
55.898014 37.408669, 20:56:27, 4
55.898037 37.408627, 20:56:29, 5
55.898056 37.408607, 20:56:30, 4
55.898079 37.408554, 20:56:32, 5
55.898087 37.408524, 20:56:33, 6
55.898106 37.408474, 20:56:35, 5
55.898136 37.408424, 20:56:37, 6
55.898136 37.408398, 20:56:38, 6
55.898159 37.408348, 20:56:40, 6
55.898170 37.408329, 20:56:41, 6
55.898201 37.408279, 20:56:43, 6
55.898216 37.408257, 20:56:44, 6
55.898258 37.408215, 20:56:46, 7
55.898266 37.408199, 20:56:47, 6
55.898258 37.408146, 20:56:49, 6
55.898251 37.408123, 20:56:50, 4
55.898251 37.408073, 20:56:52, 4
55.898273 37.408047, 20:56:53, 6
55.898300 37.408001, 20:56:55, 6
55.898323 37.407978, 20:56:56, 4
55.898365 37.407925, 20:56:58, 5
55.898365 37.407879, 20:57:0, 5
55.898365 37.407845, 20:57:1, 5
55.898357 37.407784, 20:57:3, 5
55.898357 37.407757, 20:57:4, 4
55.898380 37.407711, 20:57:6, 6
55.898365 37.407681, 20:57:7, 5
55.898338 37.407631, 20:57:9, 5
55.898338 37.407600, 20:57:10, 5
55.898357 37.407547, 20:57:12, 6
55.898357 37.407513, 20:57:13, 5
55.898373 37.407467, 20:57:15, 5
55.898373 37.407444, 20:57:16, 5
55.898380 37.407391, 20:57:18, 6
55.898396 37.407356, 20:57:19, 7
55.898415 37.407291, 20:57:21, 7
55.898525 37.407108, 20:57:30, 7
55.898560 37.407078, 20:57:31, 8
55.898575 37.407082, 20:57:33, 7
55.898575 37.407089, 20:57:34, 3
55.898640 37.407082, 20:57:36, 1
55.898647 37.407082, 20:57:37, 2
55.898647 37.407082, 20:57:39, 2
55.898666 37.407078, 20:57:40, 3
55.898666 37.407047, 20:57:42, 3
55.898666 37.407028, 20:57:43, 3
55.898647 37.406979, 20:57:45, 5
55.898640 37.406948, 20:57:46, 5
55.898659 37.406898, 20:57:48, 5
55.898647 37.406864, 20:57:49, 5
55.898640 37.406807, 20:57:51, 6
55.898632 37.406754, 20:57:53, 6
55.898602 37.406715, 20:57:54, 6
55.898602 37.406670, 20:57:56, 6
55.898582 37.406643, 20:57:57, 6
55.898575 37.406582, 20:57:59, 6
55.898575 37.406559, 20:58:0, 5
55.898552 37.406532, 20:58:2, 4
55.898552 37.406498, 20:58:3, 5
55.898552 37.406437, 20:58:5, 6
55.898552 37.406406, 20:58:6, 6
55.898544 37.406349, 20:58:8, 6
55.898537 37.406319, 20:58:9, 6
55.898518 37.406250, 20:58:11, 6
55.898510 37.406208, 20:58:12, 5
55.898502 37.406136, 20:58:14, 6
55.898518 37.406067, 20:58:16, 5
55.898525 37.406029, 20:58:17, 6
55.898518 37.405968, 20:58:19, 5
55.898518 37.405945, 20:58:20, 4
55.898537 37.405891, 20:58:22, 5
55.898560 37.405876, 20:58:23, 6
55.898602 37.405838, 20:58:25, 8
55.898609 37.405823, 20:58:26, 8
55.898609 37.405758, 20:58:28, 7
55.898609 37.405739, 20:58:29, 7
55.898624 37.405697, 20:58:31, 7
55.898632 37.405674, 20:58:32, 7
55.898705 37.405632, 20:58:34, 9
55.898716 37.405605, 20:58:35, 9
55.898682 37.405575, 20:58:37, 6
55.898682 37.405552, 20:58:38, 6
55.898682 37.405499, 20:58:40, 7
55.898647 37.405472, 20:58:41, 6
55.898666 37.405422, 20:58:43, 6
55.898674 37.405392, 20:58:44, 9
55.898617 37.405346, 20:58:46, 5
55.898617 37.405319, 20:58:47, 5
55.898609 37.405270, 20:58:49, 4
55.898617 37.405235, 20:58:50, 4
55.898647 37.405193, 20:58:52, 4
55.898640 37.405167, 20:58:53, 3
55.898617 37.405109, 20:58:55, 5
55.898647 37.405083, 20:58:56, 5
55.898674 37.405022, 20:58:58, 5
55.898689 37.404991, 20:58:59, 6
55.898632 37.404949, 20:59:1, 4
55.898674 37.404915, 20:59:3, 3
55.898647 37.404896, 20:59:4, 4
55.898640 37.404835, 20:59:6, 5
55.898682 37.404804, 20:59:7, 6
55.898682 37.404732, 20:59:9, 6
55.898674 37.404701, 20:59:10, 6
55.898647 37.404640, 20:59:12, 6
55.898640 37.404602, 20:59:13, 6
55.898617 37.404545, 20:59:15, 5
55.898602 37.404518, 20:59:16, 6
55.898594 37.404453, 20:59:18, 6
55.898582 37.404411, 20:59:19, 7
55.898575 37.404346, 20:59:21, 7
55.898575 37.404312, 20:59:22, 6
55.898567 37.404251, 20:59:24, 6
55.898560 37.404190, 20:59:26, 6
55.898552 37.404160, 20:59:27, 6
55.898537 37.404091, 20:59:29, 6
55.898525 37.404057, 20:59:30, 6
55.898525 37.403999, 20:59:32, 6
55.898518 37.403973, 20:59:33, 6
55.898518 37.403915, 20:59:35, 6
55.898510 37.403889, 20:59:36, 5
55.898502 37.403828, 20:59:38, 6
55.898502 37.403801, 20:59:39, 6
55.898502 37.403748, 20:59:41, 5
55.898502 37.403725, 20:59:42, 5
55.898502 37.403675, 20:59:44, 5
55.898502 37.403648, 20:59:45, 5
55.898495 37.403606, 20:59:47, 5
55.898495 37.403557, 20:59:49, 5
55.898479 37.403507, 20:59:50, 7
55.898479 37.403458, 20:59:52, 6
55.898472 37.403427, 20:59:53, 6
55.898460 37.403370, 20:59:55, 6
55.898415 37.403339, 20:59:56, 7
55.898438 37.403286, 20:59:58, 5
55.898422 37.403244, 20:59:59, 5
55.898472 37.403194, 21:0:1, 6
55.898460 37.403164, 21:0:2, 6
55.898445 37.403095, 21:0:4, 6
55.898453 37.403069, 21:0:5, 6
55.898460 37.403004, 21:0:7, 6
55.898445 37.402962, 21:0:8, 7
55.898460 37.402901, 21:0:10, 6
55.898453 37.402840, 21:0:12, 6
55.898460 37.402817, 21:0:13, 6
55.898487 37.402767, 21:0:15, 6
55.898510 37.402737, 21:0:16, 7
55.898525 37.402687, 21:0:18, 7
55.898537 37.402664, 21:0:19, 8
55.898567 37.402626, 21:0:21, 7
55.898552 37.402596, 21:0:22, 5
55.898560 37.402546, 21:0:24, 6
55.898560 37.402527, 21:0:25, 6
55.898544 37.402470, 21:0:27, 5
55.898537 37.402447, 21:0:28, 5
55.898552 37.402401, 21:0:30, 6
55.898552 37.402363, 21:0:31, 6
55.898552 37.402298, 21:0:33, 7
55.898567 37.402271, 21:0:34, 8
55.898594 37.402214, 21:0:36, 8
55.898602 37.402187, 21:0:37, 8
55.898617 37.402134, 21:0:39, 8
55.898632 37.402103, 21:0:40, 8
55.898640 37.402054, 21:0:42, 7
55.898666 37.402035, 21:0:43, 8
55.898666 37.401978, 21:0:45, 7
55.898674 37.401955, 21:0:46, 7
55.898666 37.401894, 21:0:48, 6
55.898617 37.401852, 21:0:49, 6
55.898697 37.401814, 21:0:51, 6
55.898674 37.401783, 21:0:52, 6
55.898617 37.401722, 21:0:54, 5
55.898594 37.401691, 21:0:55, 5
55.898582 37.401634, 21:0:57, 6
55.898575 37.401577, 21:0:59, 5
55.898567 37.401558, 21:1:0, 4
55.898575 37.401516, 21:1:2, 5
55.898575 37.401489, 21:1:3, 5
55.898544 37.401417, 21:1:5, 5
55.898537 37.401382, 21:1:6, 5
55.898525 37.401329, 21:1:8, 5
55.898525 37.401302, 21:1:9, 5
55.898518 37.401245, 21:1:11, 5
55.898502 37.401211, 21:1:12, 6
55.898495 37.401161, 21:1:14, 6
55.898495 37.401131, 21:1:15, 6
55.898487 37.401066, 21:1:17, 6
55.898487 37.401039, 21:1:18, 6
55.898479 37.400982, 21:1:20, 6
55.898479 37.400951, 21:1:21, 6
55.898495 37.400906, 21:1:23, 6
55.898479 37.400867, 21:1:24, 5
55.898472 37.400803, 21:1:26, 6
55.898460 37.400772, 21:1:27, 6
55.898460 37.400707, 21:1:29, 6
55.898460 37.400677, 21:1:30, 6
55.898453 37.400612, 21:1:32, 6
55.898453 37.400581, 21:1:33, 6
55.898445 37.400547, 21:1:35, 4
55.898460 37.400528, 21:1:36, 3
55.898479 37.400513, 21:1:38, 3
55.898472 37.400494, 21:1:39, 3
55.898430 37.400398, 21:1:41, 6
55.898438 37.400375, 21:1:42, 5
55.898438 37.400333, 21:1:44, 4
55.898430 37.400295, 21:1:45, 5
55.898430 37.400234, 21:1:47, 6
55.898430 37.400215, 21:1:48, 5
55.898430 37.400166, 21:1:50, 5
55.898430 37.400143, 21:1:51, 5
55.898430 37.400082, 21:1:53, 5
55.898430 37.400047, 21:1:54, 5
55.898430 37.399986, 21:1:56, 6
55.898422 37.399952, 21:1:57, 6
55.898422 37.399899, 21:1:59, 5
55.898422 37.399868, 21:2:0, 5
55.898438 37.399826, 21:2:2, 5
55.898438 37.399815, 21:2:3, 4
55.898453 37.399773, 21:2:5, 5
55.898460 37.399796, 21:2:6, 2
55.898479 37.399799, 21:2:8, 3
55.898502 37.399780, 21:2:10, 3
55.898518 37.399773, 21:2:11, 3
55.898537 37.399746, 21:2:13, 4
55.898552 37.399738, 21:2:14, 5
55.898575 37.399731, 21:2:16, 4
55.898575 37.399723, 21:2:17, 3
55.898582 37.399727, 21:2:19, 1
55.898594 37.399727, 21:2:20, 1
55.898602 37.399723, 21:2:22, 0
55.898602 37.399723, 21:2:23, 0
55.898609 37.399731, 21:2:25, 0
55.898609 37.399723, 21:2:26, 0
55.898582 37.399681, 21:2:28, 1
55.898582 37.399666, 21:2:29, 1
55.898594 37.399673, 21:2:31, 0
55.898582 37.399662, 21:2:32, 0
55.898594 37.399670, 21:2:34, 0
55.898594 37.399666, 21:2:35, 0
55.898602 37.399666, 21:2:37, 0
55.898609 37.399677, 21:2:38, 0
55.898624 37.399666, 21:2:40, 2
55.898624 37.399658, 21:2:41, 2
55.898617 37.399597, 21:2:43, 4
55.898609 37.399559, 21:2:44, 5
55.898609 37.399517, 21:2:46, 5
55.898609 37.399490, 21:2:47, 5
55.898602 37.399452, 21:2:49, 5
55.898609 37.399422, 21:2:50, 6
55.898602 37.399372, 21:2:52, 5
55.898602 37.399349, 21:2:53, 5
55.898602 37.399307, 21:2:55, 6
55.898602 37.399273, 21:2:57, 4
55.898617 37.399101, 21:3:4, 5
55.898617 37.399040, 21:3:6, 5
55.898632 37.399021, 21:3:7, 5
55.898624 37.398945, 21:3:9, 5
55.898617 37.398911, 21:3:10, 5
55.898609 37.398846, 21:3:12, 6
55.898609 37.398823, 21:3:13, 4
55.898575 37.398777, 21:3:15, 3
55.898582 37.398746, 21:3:16, 4
55.898560 37.398682, 21:3:18, 5
55.898525 37.398624, 21:3:19, 6
55.898560 37.398563, 21:3:24, 5
55.898819 37.398071, 21:3:49, 3
55.898903 37.398033, 21:3:58, 3
55.899048 37.397888, 21:4:2, 7
55.899090 37.397961, 21:4:4, 4
55.899097 37.397964, 21:4:5, 3
55.899155 37.397942, 21:4:7, 5
55.899170 37.397942, 21:4:8, 5
55.899193 37.397926, 21:4:10, 3
55.899178 37.397934, 21:4:11, 1
55.899212 37.397938, 21:4:13, 2
55.899220 37.397915, 21:4:14, 2
55.899250 37.397923, 21:4:16, 2
55.899269 37.397945, 21:4:17, 2
55.899292 37.397900, 21:4:19, 2
55.899326 37.397850, 21:4:21, 3
55.899349 37.397850, 21:4:22, 4
55.899380 37.397842, 21:4:24, 5
55.899399 37.397835, 21:4:25, 5
55.899422 37.397804, 21:4:27, 6
55.899456 37.397774, 21:4:29, 6
55.899464 37.397758, 21:4:30, 6
55.899487 37.397724, 21:4:32, 6
55.899494 37.397701, 21:4:33, 6
55.899513 37.397682, 21:4:35, 6
55.899570 37.397575, 21:4:40, 5
55.899593 37.397541, 21:4:42, 6
55.899601 37.397522, 21:4:43, 5
55.899624 37.397469, 21:4:45, 7
55.899643 37.397449, 21:4:46, 6
55.899666 37.397400, 21:4:48, 6
55.899673 37.397388, 21:4:49, 5
55.899700 37.397366, 21:4:51, 5
55.899715 37.397316, 21:4:53, 6
55.899731 37.397297, 21:4:54, 6
55.899738 37.397278, 21:4:56, 4
55.899746 37.397251, 21:4:57, 5
55.899773 37.397217, 21:4:59, 6
55.899780 37.397202, 21:5:0, 5
55.899803 37.397152, 21:5:2, 7
55.899815 37.397121, 21:5:3, 7
55.899830 37.397057, 21:5:5, 6
55.899796 37.397022, 21:5:6, 5
55.899788 37.396969, 21:5:8, 5
55.899780 37.396927, 21:5:9, 6
55.899788 37.396885, 21:5:11, 5
55.899780 37.396854, 21:5:12, 6
55.899788 37.396797, 21:5:14, 6
55.899780 37.396690, 21:5:18, 5
55.899765 37.396664, 21:5:20, 3
55.899796 37.396622, 21:5:22, 3
55.899822 37.396557, 21:5:24, 5
55.899822 37.396534, 21:5:25, 5
55.899837 37.396496, 21:5:27, 4
55.899845 37.396481, 21:5:28, 4
55.899853 37.396469, 21:5:30, 2
55.899860 37.396442, 21:5:32, 2
55.899860 37.396435, 21:5:33, 4
55.899868 37.396408, 21:5:35, 2
55.899868 37.396400, 21:5:36, 2
55.899879 37.396381, 21:5:38, 3
55.899879 37.396362, 21:5:39, 4
55.899902 37.396328, 21:5:41, 6
55.899910 37.396313, 21:5:42, 5
55.899925 37.396286, 21:5:44, 5
55.899937 37.396255, 21:5:45, 6
55.899960 37.396221, 21:5:47, 6
55.899975 37.396206, 21:5:48, 5
55.899982 37.396179, 21:5:50, 5
55.899990 37.396168, 21:5:51, 5
55.900032 37.396156, 21:5:53, 5
55.900040 37.396133, 21:5:54, 6
55.900074 37.396118, 21:5:56, 5
55.900089 37.396122, 21:5:57, 6
55.900124 37.396095, 21:5:59, 7
55.900139 37.396091, 21:6:0, 6
55.900181 37.396107, 21:6:2, 5
55.900196 37.396103, 21:6:3, 6
55.900253 37.396141, 21:6:5, 7
55.901035 37.396038, 21:6:31, 6
55.901009 37.396034, 21:6:33, 6
55.900951 37.395985, 21:6:35, 5
55.900959 37.395954, 21:6:40, 3
55.900951 37.395943, 21:6:42, 4
55.900959 37.395916, 21:6:44, 3
55.900967 37.395897, 21:6:45, 4
55.901089 37.395920, 21:6:47, 5
55.901108 37.395889, 21:6:49, 4
55.901081 37.395851, 21:6:50, 4
55.901066 37.395779, 21:6:52, 4
55.901035 37.395733, 21:6:53, 5
55.900978 37.395672, 21:6:55, 4
55.900951 37.395638, 21:6:56, 4
55.900928 37.395573, 21:6:58, 4
55.900928 37.395531, 21:6:59, 5
55.900921 37.395489, 21:7:1, 4
55.900913 37.395458, 21:7:2, 4
55.900913 37.395428, 21:7:4, 2
55.900913 37.395439, 21:7:6, 0
55.900902 37.395435, 21:7:7, 1
55.900894 37.395432, 21:7:9, 1